-4 0 0
18.506646.959999 2.700001 -2.840012 0 -0.7071068 0 0.7071068 0 6.849998 2.700001 2.269989 0 -0.7071068 0 0.7071068 0 
18.522266.959999 2.700001 -2.840012 0 -0.7071068 0 0.7071068 0 6.849998 2.700001 2.269989 0 -0.7071068 0 0.7071068 0 
18.538446.959999 2.700001 -2.840012 0 -0.7071068 0 0.7071068 0 6.849998 2.700001 2.269989 0 -0.7071068 0 0.7071068 0 
18.555516.959999 2.700001 -2.840012 0 -0.7071068 0 0.7071068 0 6.849998 2.700001 2.269989 0 -0.7071068 0 0.7071068 0 
18.572186.959999 2.700001 -2.840012 0 -0.7071068 0 0.7071068 0 6.849998 2.700001 2.269989 0 -0.7071068 0 0.7071068 0 
18.589056.959999 2.700001 -2.840012 0 -0.7071068 0 0.7071068 0 6.849998 2.700001 2.269989 0 -0.7071068 0 0.7071068 0 
18.605346.959999 2.700001 -2.840012 0 -0.7071068 0 0.7071068 0 6.849998 2.700001 2.269989 0 -0.7071068 0 0.7071068 0 
18.622086.959999 2.700001 -2.840012 0 -0.7071068 0 0.7071068 0 6.849998 2.700001 2.269989 0 -0.7071068 0 0.7071068 0 
18.63776.959999 2.700001 -2.840012 0 -0.7071068 0 0.7071068 0 6.849998 2.700001 2.269989 0 -0.7071068 0 0.7071068 0 
18.6556.959999 2.700001 -2.840012 0 -0.7071068 0 0.7071068 0 6.849998 2.700001 2.269989 0 -0.7071068 0 0.7071068 0 
18.671356.959999 2.700001 -2.840012 0 -0.7071068 0 0.7071068 0 6.849998 2.700001 2.269989 0 -0.7071068 0 0.7071068 0 
18.687886.959999 2.700001 -2.840012 0 -0.7071068 0 0.7071068 0 6.849998 2.700001 2.269989 0 -0.7071068 0 0.7071068 0 
18.704726.959999 2.700001 -2.840012 0 -0.7071068 0 0.7071068 0 6.849998 2.700001 2.269989 0 -0.7071068 0 0.7071068 0 
18.720556.959999 2.700001 -2.840012 0 -0.7071068 0 0.7071068 0 6.849998 2.700001 2.269989 0 -0.7071068 0 0.7071068 0 
18.737956.959999 2.700001 -2.840012 0 -0.7071068 0 0.7071068 0 6.849998 2.700001 2.269989 0 -0.7071068 0 0.7071068 0 
18.754196.959999 2.700001 -2.840012 0 -0.7071068 0 0.7071068 0 6.849998 2.700001 2.269989 0 -0.7071068 0 0.7071068 0 
18.770716.959999 2.700001 -2.840012 0 -0.7071068 0 0.7071068 0 6.849998 2.700001 2.269989 0 -0.7071068 0 0.7071068 0 
18.787526.959999 2.700001 -2.840012 0 -0.7071068 0 0.7071068 0 6.849998 2.700001 2.269989 0 -0.7071068 0 0.7071068 0 
18.803946.959999 2.700001 -2.840012 0 -0.7071068 0 0.7071068 0 6.849998 2.700001 2.269989 0 -0.7071068 0 0.7071068 0 
18.820226.959999 2.700001 -2.840012 0 -0.7071068 0 0.7071068 0 6.849998 2.700001 2.269989 0 -0.7071068 0 0.7071068 0 
18.837646.959999 2.700001 -2.840012 0 -0.7071068 0 0.7071068 0 6.849998 2.700001 2.269989 0 -0.7071068 0 0.7071068 0 
18.853596.959999 2.700001 -2.840012 0 -0.7071068 0 0.7071068 0 6.849998 2.700001 2.269989 0 -0.7071068 0 0.7071068 0 
18.87026.959999 2.700001 -2.840012 0 -0.7071068 0 0.7071068 0 6.849998 2.700001 2.269989 0 -0.7071068 0 0.7071068 0 
18.887476.959999 2.700001 -2.840012 0 -0.7071068 0 0.7071068 0 6.849998 2.700001 2.269989 0 -0.7071068 0 0.7071068 0 
18.903416.959999 2.700001 -2.840012 0 -0.7071068 0 0.7071068 0 6.849998 2.700001 2.269989 0 -0.7071068 0 0.7071068 0 
18.919376.959999 2.700001 -2.840012 0 -0.7071068 0 0.7071068 0 6.849998 2.700001 2.269989 0 -0.7071068 0 0.7071068 0 
18.936516.959999 2.700001 -2.840012 0 -0.7071068 0 0.7071068 0 6.849998 2.700001 2.269989 0 -0.7071068 0 0.7071068 0 
18.953326.959999 2.700001 -2.840012 0 -0.7071068 0 0.7071068 0 6.849998 2.700001 2.269989 0 -0.7071068 0 0.7071068 0 
18.969626.959999 2.700001 -2.840012 0 -0.7071068 0 0.7071068 0 6.849998 2.700001 2.269989 0 -0.7071068 0 0.7071068 0 
18.986296.959999 2.700001 -2.840012 0 -0.7071068 0 0.7071068 0 6.849998 2.700001 2.269989 0 -0.7071068 0 0.7071068 0 
19.003256.959999 2.700001 -2.840012 0 -0.7071068 0 0.7071068 0 6.849998 2.700001 2.269989 0 -0.7071068 0 0.7071068 0 
19.018766.959999 2.700001 -2.840012 0 -0.7071068 0 0.7071068 0 6.849998 2.700001 2.269989 0 -0.7071068 0 0.7071068 0 
19.036146.959999 2.700001 -2.840012 0 -0.7071068 0 0.7071068 0 6.849998 2.700001 2.269989 0 -0.7071068 0 0.7071068 0 
19.053146.959999 2.700001 -2.840012 0 -0.7071068 0 0.7071068 0 6.849998 2.700001 2.269989 0 -0.7071068 0 0.7071068 0 
19.069176.959999 2.700001 -2.840012 0 -0.7071068 0 0.7071068 0 6.849998 2.700001 2.269989 0 -0.7071068 0 0.7071068 0 
19.085546.959999 2.700001 -2.840012 0 -0.7071068 0 0.7071068 0 6.849998 2.700001 2.269989 0 -0.7071068 0 0.7071068 0 
19.102076.959999 2.700001 -2.840012 0 -0.7071068 0 0.7071068 0 6.849998 2.700001 2.269989 0 -0.7071068 0 0.7071068 0 
19.118166.959999 2.700001 -2.840012 0 -0.7071068 0 0.7071068 0 6.849998 2.700001 2.269989 0 -0.7071068 0 0.7071068 0 
19.13526.959999 2.700001 -2.840012 0 -0.7071068 0 0.7071068 0 6.849998 2.700001 2.269989 0 -0.7071068 0 0.7071068 0 
19.151796.959999 2.700001 -2.840012 0 -0.7071068 0 0.7071068 0 6.849998 2.700001 2.269989 0 -0.7071068 0 0.7071068 0 
19.168396.959999 2.700001 -2.840012 0 -0.7071068 0 0.7071068 0 6.849998 2.700001 2.269989 0 -0.7071068 0 0.7071068 0 
19.185446.959999 2.700001 -2.840012 0 -0.7071068 0 0.7071068 0 6.849998 2.700001 2.269989 0 -0.7071068 0 0.7071068 0 
19.202336.959999 2.700001 -2.840012 0 -0.7071068 0 0.7071068 0 6.849998 2.700001 2.269989 0 -0.7071068 0 0.7071068 0 
19.217916.959999 2.700001 -2.840012 0 -0.7071068 0 0.7071068 0 6.849998 2.700001 2.269989 0 -0.7071068 0 0.7071068 0 
19.234686.959999 2.700001 -2.840012 0 -0.7071068 0 0.7071068 0 6.849998 2.700001 2.269989 0 -0.7071068 0 0.7071068 0 
19.251266.959999 2.700001 -2.840012 0 -0.7071068 0 0.7071068 0 6.849998 2.700001 2.269989 0 -0.7071068 0 0.7071068 0 
19.26826.959999 2.700001 -2.840012 0 -0.7071068 0 0.7071068 0 6.849998 2.700001 2.269989 0 -0.7071068 0 0.7071068 0 
19.284436.959999 2.700001 -2.840012 0 -0.7071068 0 0.7071068 0 6.849998 2.700001 2.269989 0 -0.7071068 0 0.7071068 0 
19.301176.959999 2.700001 -2.840012 0 -0.7071068 0 0.7071068 0 6.849998 2.700001 2.269989 0 -0.7071068 0 0.7071068 0 
19.316976.959999 2.700001 -2.840012 0 -0.7071068 0 0.7071068 0 6.849998 2.700001 2.269989 0 -0.7071068 0 0.7071068 0 
19.334166.959999 2.700001 -2.840012 0 -0.7071068 0 0.7071068 0 6.849998 2.700001 2.269989 0 -0.7071068 0 0.7071068 0 
19.351086.959999 2.700001 -2.840012 0 -0.7071068 0 0.7071068 0 6.849998 2.700001 2.269989 0 -0.7071068 0 0.7071068 0 
19.36726.959999 2.700001 -2.840012 0 -0.7071068 0 0.7071068 0 6.849998 2.700001 2.269989 0 -0.7071068 0 0.7071068 0 
19.383726.959999 2.700001 -2.840012 0 -0.7071068 0 0.7071068 0 6.849998 2.700001 2.269989 0 -0.7071068 0 0.7071068 0 
19.40046.959999 2.700001 -2.840012 0 -0.7071068 0 0.7071068 0 6.849998 2.700001 2.269989 0 -0.7071068 0 0.7071068 0 
19.416996.959999 2.700001 -2.840012 0 -0.7071068 0 0.7071068 0 6.849998 2.700001 2.269989 0 -0.7071068 0 0.7071068 0 
19.433926.959999 2.700001 -2.840012 0 -0.7071068 0 0.7071068 0 6.849998 2.700001 2.269989 0 -0.7071068 0 0.7071068 0 
19.449996.959999 2.700001 -2.840012 0 -0.7071068 0 0.7071068 0 6.849998 2.700001 2.269989 0 -0.7071068 0 0.7071068 0 
19.466566.959999 2.700001 -2.840012 0 -0.7071068 0 0.7071068 0 6.849998 2.700001 2.269989 0 -0.7071068 0 0.7071068 0 
19.483176.959999 2.700001 -2.840012 0 -0.7071068 0 0.7071068 0 6.849998 2.700001 2.269989 0 -0.7071068 0 0.7071068 0 
19.499176.959999 2.700001 -2.840012 0 -0.7071068 0 0.7071068 0 6.849998 2.700001 2.269989 0 -0.7071068 0 0.7071068 0 
19.516246.959999 2.700001 -2.840012 0 -0.7071068 0 0.7071068 0 6.849998 2.700001 2.269989 0 -0.7071068 0 0.7071068 0 
19.532956.959999 2.700001 -2.840012 0 -0.7071068 0 0.7071068 0 6.849998 2.700001 2.269989 0 -0.7071068 0 0.7071068 0 
19.549616.959999 2.700001 -2.840012 0 -0.7071068 0 0.7071068 0 6.849998 2.700001 2.269989 0 -0.7071068 0 0.7071068 0 
19.566126.959999 2.700001 -2.840012 0 -0.7071068 0 0.7071068 0 6.849998 2.700001 2.269989 0 -0.7071068 0 0.7071068 0 
19.582656.959999 2.700001 -2.840012 0 -0.7071068 0 0.7071068 0 6.849998 2.700001 2.269989 0 -0.7071068 0 0.7071068 0 
19.599076.959999 2.700001 -2.840012 0 -0.7071068 0 0.7071068 0 6.849998 2.700001 2.269989 0 -0.7071068 0 0.7071068 0 
19.615746.959999 2.700001 -2.840012 0 -0.7071068 0 0.7071068 0 6.849998 2.700001 2.269989 0 -0.7071068 0 0.7071068 0 
19.632576.959999 2.700001 -2.840012 0 -0.7071068 0 0.7071068 0 6.849998 2.700001 2.269989 0 -0.7071068 0 0.7071068 0 
19.649416.959999 2.700001 -2.840012 0 -0.7071068 0 0.7071068 0 6.849998 2.700001 2.269989 0 -0.7071068 0 0.7071068 0 
19.665486.959999 2.700001 -2.840012 0 -0.7071068 0 0.7071068 0 6.849998 2.700001 2.269989 0 -0.7071068 0 0.7071068 0 
19.682226.959999 2.700001 -2.840012 0 -0.7071068 0 0.7071068 0 6.849998 2.700001 2.269989 0 -0.7071068 0 0.7071068 0 
19.698696.959999 2.700001 -2.840012 0 -0.7071068 0 0.7071068 0 6.849998 2.700001 2.269989 0 -0.7071068 0 0.7071068 0 
19.715166.959999 2.700001 -2.840012 0 -0.7071068 0 0.7071068 0 6.849998 2.700001 2.269989 0 -0.7071068 0 0.7071068 0 
19.731696.959999 2.700001 -2.840012 0 -0.7071068 0 0.7071068 0 6.849998 2.700001 2.269989 0 -0.7071068 0 0.7071068 0 
19.748286.959999 2.700001 -2.840012 0 -0.7071068 0 0.7071068 0 6.849998 2.700001 2.269989 0 -0.7071068 0 0.7071068 0 
19.764826.959999 2.700001 -2.840012 0 -0.7071068 0 0.7071068 0 6.849998 2.700001 2.269989 0 -0.7071068 0 0.7071068 0 
19.781546.959999 2.700001 -2.840012 0 -0.7071068 0 0.7071068 0 6.849998 2.700001 2.269989 0 -0.7071068 0 0.7071068 0 
19.798166.959999 2.700001 -2.840012 0 -0.7071068 0 0.7071068 0 6.849998 2.700001 2.269989 0 -0.7071068 0 0.7071068 0 
19.81446.959999 2.700001 -2.840012 0 -0.7071068 0 0.7071068 0 6.849998 2.700001 2.269989 0 -0.7071068 0 0.7071068 0 
19.831386.959999 2.700001 -2.840012 0 -0.7071068 0 0.7071068 0 6.849998 2.700001 2.269989 0 -0.7071068 0 0.7071068 0 
19.84756.959999 2.700001 -2.840012 0 -0.7071068 0 0.7071068 0 6.849998 2.700001 2.269989 0 -0.7071068 0 0.7071068 0 
19.864136.959999 2.700001 -2.840012 0 -0.7071068 0 0.7071068 0 6.849998 2.700001 2.269989 0 -0.7071068 0 0.7071068 0 
19.881326.959999 2.700001 -2.840012 0 -0.7071068 0 0.7071068 0 6.849998 2.700001 2.269989 0 -0.7071068 0 0.7071068 0 
19.896786.959999 2.700001 -2.840012 0 -0.7071068 0 0.7071068 0 6.849998 2.700001 2.269989 0 -0.7071068 0 0.7071068 0 
19.913846.959999 2.700001 -2.840012 0 -0.7071068 0 0.7071068 0 6.849998 2.700001 2.269989 0 -0.7071068 0 0.7071068 0 
19.930416.959999 2.700001 -2.840012 0 -0.7071068 0 0.7071068 0 6.849998 2.700001 2.269989 0 -0.7071068 0 0.7071068 0 
19.947216.959999 2.700001 -2.840012 0 -0.7071068 0 0.7071068 0 6.849998 2.700001 2.269989 0 -0.7071068 0 0.7071068 0 
19.964246.959999 2.700001 -2.840012 0 -0.7071068 0 0.7071068 0 6.849998 2.700001 2.269989 0 -0.7071068 0 0.7071068 0 
19.979746.959999 2.700001 -2.840012 0 -0.7071068 0 0.7071068 0 6.849998 2.700001 2.269989 0 -0.7071068 0 0.7071068 0 
19.997236.959999 2.700001 -2.840012 0 -0.7071068 0 0.7071068 0 6.849998 2.700001 2.269989 0 -0.7071068 0 0.7071068 0 
20.013316.959999 2.700001 -2.840012 0 -0.7071068 0 0.7071068 0 6.849998 2.700001 2.269989 0 -0.7071068 0 0.7071068 0 
20.030166.959999 2.700001 -2.840012 0 -0.7071068 0 0.7071068 0 6.849998 2.700001 2.269989 0 -0.7071068 0 0.7071068 0 
20.046466.959999 2.700001 -2.840012 0 -0.7071068 0 0.7071068 0 6.849998 2.700001 2.269989 0 -0.7071068 0 0.7071068 0 
20.063376.959999 2.700001 -2.840012 0 -0.7071068 0 0.7071068 0 6.849998 2.700001 2.269989 0 -0.7071068 0 0.7071068 0 
20.079656.959999 2.700001 -2.840012 0 -0.7071068 0 0.7071068 0 6.849998 2.700001 2.269989 0 -0.7071068 0 0.7071068 0 
20.096156.959999 2.700001 -2.840012 0 -0.7071068 0 0.7071068 0 6.849998 2.700001 2.269989 0 -0.7071068 0 0.7071068 0 
20.113496.959999 2.700001 -2.840012 0 -0.7071068 0 0.7071068 0 6.849998 2.700001 2.269989 0 -0.7071068 0 0.7071068 0 
20.129416.959999 2.700001 -2.840012 0 -0.7071068 0 0.7071068 0 6.849998 2.700001 2.269989 0 -0.7071068 0 0.7071068 0 
20.145776.959999 2.700001 -2.840012 0 -0.7071068 0 0.7071068 0 6.849998 2.700001 2.269989 0 -0.7071068 0 0.7071068 0 
20.162276.959999 2.700001 -2.840012 0 -0.7071068 0 0.7071068 0 6.849998 2.700001 2.269989 0 -0.7071068 0 0.7071068 0 
20.178936.959999 2.700001 -2.840012 0 -0.7071068 0 0.7071068 0 6.849998 2.700001 2.269989 0 -0.7071068 0 0.7071068 0 
20.195396.959999 2.700001 -2.840012 0 -0.7071068 0 0.7071068 0 6.849998 2.700001 2.269989 0 -0.7071068 0 0.7071068 0 
20.212296.959999 2.700001 -2.840012 0 -0.7071068 0 0.7071068 0 6.849998 2.700001 2.269989 0 -0.7071068 0 0.7071068 0 
20.228666.959999 2.700001 -2.840012 0 -0.7071068 0 0.7071068 0 6.849998 2.700001 2.269989 0 -0.7071068 0 0.7071068 0 
20.245376.959999 2.700001 -2.840012 0 -0.7071068 0 0.7071068 0 6.849998 2.700001 2.269989 0 -0.7071068 0 0.7071068 0 
20.262236.959999 2.700001 -2.840012 0 -0.7071068 0 0.7071068 0 6.849998 2.700001 2.269989 0 -0.7071068 0 0.7071068 0 
20.278666.959999 2.700001 -2.840012 0 -0.7071068 0 0.7071068 0 6.849998 2.700001 2.269989 0 -0.7071068 0 0.7071068 0 
20.295226.959999 2.700001 -2.840012 0 -0.7071068 0 0.7071068 0 6.849998 2.700001 2.269989 0 -0.7071068 0 0.7071068 0 
20.312136.959999 2.700001 -2.840012 0 -0.7071068 0 0.7071068 0 6.849998 2.700001 2.269989 0 -0.7071068 0 0.7071068 0 
20.328146.959999 2.700001 -2.840012 0 -0.7071068 0 0.7071068 0 6.849998 2.700001 2.269989 0 -0.7071068 0 0.7071068 0 
20.34516.959999 2.700001 -2.840012 0 -0.7071068 0 0.7071068 0 6.849998 2.700001 2.269989 0 -0.7071068 0 0.7071068 0 
20.361226.959999 2.700001 -2.840012 0 -0.7071068 0 0.7071068 0 6.849998 2.700001 2.269989 0 -0.7071068 0 0.7071068 0 
20.377976.959999 2.700001 -2.840012 0 -0.7071068 0 0.7071068 0 6.849998 2.700001 2.269989 0 -0.7071068 0 0.7071068 0 
20.394526.959999 2.700001 -2.840012 0 -0.7071068 0 0.7071068 0 6.849998 2.700001 2.269989 0 -0.7071068 0 0.7071068 0 
20.410866.959999 2.700001 -2.840012 0 -0.7071068 0 0.7071068 0 6.849998 2.700001 2.269989 0 -0.7071068 0 0.7071068 0 
20.427456.959999 2.700001 -2.840012 0 -0.7071068 0 0.7071068 0 6.849998 2.700001 2.269989 0 -0.7071068 0 0.7071068 0 
20.4446.959999 2.700001 -2.840012 0 -0.7071068 0 0.7071068 0 6.849998 2.700001 2.269989 0 -0.7071068 0 0.7071068 0 
20.460046.959999 2.700001 -2.840012 0 -0.7071068 0 0.7071068 0 6.849998 2.700001 2.269989 0 -0.7071068 0 0.7071068 0 
20.477386.959999 2.700001 -2.840012 0 -0.7071068 0 0.7071068 0 6.849998 2.700001 2.269989 0 -0.7071068 0 0.7071068 0 
20.494366.959999 2.700001 -2.840012 0 -0.7071068 0 0.7071068 0 6.849998 2.700001 2.269989 0 -0.7071068 0 0.7071068 0 
20.510156.959999 2.700001 -2.840012 0 -0.7071068 0 0.7071068 0 6.849998 2.700001 2.269989 0 -0.7071068 0 0.7071068 0 
20.52676.959999 2.700001 -2.840012 0 -0.7071068 0 0.7071068 0 6.849998 2.700001 2.269989 0 -0.7071068 0 0.7071068 0 
20.543396.959999 2.700001 -2.840012 0 -0.7071068 0 0.7071068 0 6.849998 2.700001 2.269989 0 -0.7071068 0 0.7071068 0 
20.55956.959999 2.700001 -2.840012 0 -0.7071068 0 0.7071068 0 6.849998 2.700001 2.269989 0 -0.7071068 0 0.7071068 0 
20.576456.959999 2.700001 -2.840012 0 -0.7071068 0 0.7071068 0 6.849998 2.700001 2.269989 0 -0.7071068 0 0.7071068 0 
20.593076.959999 2.700001 -2.840012 0 -0.7071068 0 0.7071068 0 6.849998 2.700001 2.269989 0 -0.7071068 0 0.7071068 0 
20.609966.959999 2.700001 -2.840012 0 -0.7071068 0 0.7071068 0 6.849998 2.700001 2.269989 0 -0.7071068 0 0.7071068 0 
20.626196.959999 2.700001 -2.840012 0 -0.7071068 0 0.7071068 0 6.849998 2.700001 2.269989 0 -0.7071068 0 0.7071068 0 
20.642976.959999 2.700001 -2.840012 0 -0.7071068 0 0.7071068 0 6.849998 2.700001 2.269989 0 -0.7071068 0 0.7071068 0 
20.659236.959999 2.700001 -2.840012 0 -0.7071068 0 0.7071068 0 6.849998 2.700001 2.269989 0 -0.7071068 0 0.7071068 0 
20.675786.959999 2.700001 -2.840012 0 -0.7071068 0 0.7071068 0 6.849998 2.700001 2.269989 0 -0.7071068 0 0.7071068 0 
20.692966.959999 2.700001 -2.840012 0 -0.7071068 0 0.7071068 0 6.849998 2.700001 2.269989 0 -0.7071068 0 0.7071068 0 
20.709016.959999 2.700001 -2.840012 0 -0.7071068 0 0.7071068 0 6.849998 2.700001 2.269989 0 -0.7071068 0 0.7071068 0 
20.725986.959999 2.700001 -2.840012 0 -0.7071068 0 0.7071068 0 6.849998 2.700001 2.269989 0 -0.7071068 0 0.7071068 0 
20.74246.959999 2.700001 -2.840012 0 -0.7071068 0 0.7071068 0 6.849998 2.700001 2.269989 0 -0.7071068 0 0.7071068 0 
20.758756.959999 2.700001 -2.840012 0 -0.7071068 0 0.7071068 0 6.849998 2.700001 2.269989 0 -0.7071068 0 0.7071068 0 
20.775856.959999 2.700001 -2.840012 0 -0.7071068 0 0.7071068 0 6.849998 2.700001 2.269989 0 -0.7071068 0 0.7071068 0 
20.79226.959999 2.700001 -2.840012 0 -0.7071068 0 0.7071068 0 6.849998 2.700001 2.269989 0 -0.7071068 0 0.7071068 0 
20.80846.959999 2.700001 -2.840012 0 -0.7071068 0 0.7071068 0 6.849998 2.700001 2.269989 0 -0.7071068 0 0.7071068 0 
20.825186.959999 2.700001 -2.840012 0 -0.7071068 0 0.7071068 0 6.849998 2.700001 2.269989 0 -0.7071068 0 0.7071068 0 
20.841736.959999 2.700001 -2.840012 0 -0.7071068 0 0.7071068 0 6.849998 2.700001 2.269989 0 -0.7071068 0 0.7071068 0 
20.857636.959999 2.700001 -2.840012 0 -0.7071068 0 0.7071068 0 6.849998 2.700001 2.269989 0 -0.7071068 0 0.7071068 0 
20.874686.959999 2.700001 -2.840012 0 -0.7071068 0 0.7071068 0 6.849998 2.700001 2.269989 0 -0.7071068 0 0.7071068 0 
20.891516.959999 2.700001 -2.840012 0 -0.7071068 0 0.7071068 0 6.849998 2.700001 2.269989 0 -0.7071068 0 0.7071068 0 
20.908186.959999 2.700001 -2.840012 0 -0.7071068 0 0.7071068 0 6.849998 2.700001 2.269989 0 -0.7071068 0 0.7071068 0 
20.925176.959999 2.700001 -2.840012 0 -0.7071068 0 0.7071068 0 6.849998 2.700001 2.269989 0 -0.7071068 0 0.7071068 0 
20.940566.959999 2.700001 -2.840012 0 -0.7071068 0 0.7071068 0 6.849998 2.700001 2.269989 0 -0.7071068 0 0.7071068 0 
20.957476.959999 2.700001 -2.840012 0 -0.7071068 0 0.7071068 0 6.849998 2.700001 2.269989 0 -0.7071068 0 0.7071068 0 
20.974916.959999 2.700001 -2.840012 0 -0.7071068 0 0.7071068 0 6.849998 2.700001 2.269989 0 -0.7071068 0 0.7071068 0 
20.990876.959999 2.700001 -2.840012 0 -0.7071068 0 0.7071068 0 6.849998 2.700001 2.269989 0 -0.7071068 0 0.7071068 0 
21.007256.959999 2.700001 -2.840012 0 -0.7071068 0 0.7071068 0 6.849998 2.700001 2.269989 0 -0.7071068 0 0.7071068 0 
21.024056.959999 2.700001 -2.840012 0 -0.7071068 0 0.7071068 0 6.849998 2.700001 2.269989 0 -0.7071068 0 0.7071068 0 
21.039886.959999 2.700001 -2.840012 0 -0.7071068 0 0.7071068 0 6.849998 2.700001 2.269989 0 -0.7071068 0 0.7071068 0 
21.056976.959999 2.700001 -2.840012 0 -0.7071068 0 0.7071068 0 6.849998 2.700001 2.269989 0 -0.7071068 0 0.7071068 0 
21.073836.959999 2.700001 -2.840012 0 -0.7071068 0 0.7071068 0 6.849998 2.700001 2.269989 0 -0.7071068 0 0.7071068 0 
21.090156.959999 2.700001 -2.840012 0 -0.7071068 0 0.7071068 0 6.849998 2.700001 2.269989 0 -0.7071068 0 0.7071068 0 
21.106816.959999 2.700001 -2.840012 0 -0.7071068 0 0.7071068 0 6.849998 2.700001 2.269989 0 -0.7071068 0 0.7071068 0 
21.123786.959999 2.700001 -2.840012 0 -0.7071068 0 0.7071068 0 6.849998 2.700001 2.269989 0 -0.7071068 0 0.7071068 0 
21.13936.959999 2.700001 -2.840012 0 -0.7071068 0 0.7071068 0 6.849998 2.700001 2.269989 0 -0.7071068 0 0.7071068 0 
21.156676.959999 2.700001 -2.840012 0 -0.7071068 0 0.7071068 0 6.849998 2.700001 2.269989 0 -0.7071068 0 0.7071068 0 
21.173526.959999 2.700001 -2.840012 0 -0.7071068 0 0.7071068 0 6.849998 2.700001 2.269989 0 -0.7071068 0 0.7071068 0 
21.18966.959999 2.700001 -2.840012 0 -0.7071068 0 0.7071068 0 6.849998 2.700001 2.269989 0 -0.7071068 0 0.7071068 0 
21.206526.959999 2.700001 -2.840012 0 -0.7071068 0 0.7071068 0 6.849998 2.700001 2.269989 0 -0.7071068 0 0.7071068 0 
21.223296.959999 2.700001 -2.840012 0 -0.7071068 0 0.7071068 0 6.849998 2.700001 2.269989 0 -0.7071068 0 0.7071068 0 
21.238846.959999 2.700001 -2.840012 0 -0.7071068 0 0.7071068 0 6.849998 2.700001 2.269989 0 -0.7071068 0 0.7071068 0 
21.255746.959999 2.700001 -2.840012 0 -0.7071068 0 0.7071068 0 6.849998 2.700001 2.269989 0 -0.7071068 0 0.7071068 0 
21.27256.959999 2.700001 -2.840012 0 -0.7071068 0 0.7071068 0 6.849998 2.700001 2.269989 0 -0.7071068 0 0.7071068 0 
21.288946.959999 2.700001 -2.840012 0 -0.7071068 0 0.7071068 0 6.849998 2.700001 2.269989 0 -0.7071068 0 0.7071068 0 
21.30646.959999 2.700001 -2.840012 0 -0.7071068 0 0.7071068 0 6.849998 2.700001 2.269989 0 -0.7071068 0 0.7071068 0 
21.322076.959999 2.700001 -2.840012 0 -0.7071068 0 0.7071068 0 6.849998 2.700001 2.269989 0 -0.7071068 0 0.7071068 0 
21.338596.959999 2.700001 -2.840012 0 -0.7071068 0 0.7071068 0 6.849998 2.700001 2.269989 0 -0.7071068 0 0.7071068 0 
21.3566.959999 2.700001 -2.840012 0 -0.7071068 0 0.7071068 0 6.849998 2.700001 2.269989 0 -0.7071068 0 0.7071068 0 
21.371656.959999 2.700001 -2.840012 0 -0.7071068 0 0.7071068 0 6.849998 2.700001 2.269989 0 -0.7071068 0 0.7071068 0 
21.38836.959999 2.700001 -2.840012 0 -0.7071068 0 0.7071068 0 6.849998 2.700001 2.269989 0 -0.7071068 0 0.7071068 0 
21.404916.959999 2.700001 -2.840012 0 -0.7071068 0 0.7071068 0 6.849998 2.700001 2.269989 0 -0.7071068 0 0.7071068 0 
21.422026.959999 2.700001 -2.840012 0 -0.7071068 0 0.7071068 0 6.849998 2.700001 2.269989 0 -0.7071068 0 0.7071068 0 
21.437496.959999 2.700001 -2.840012 0 -0.7071068 0 0.7071068 0 6.849998 2.700001 2.269989 0 -0.7071068 0 0.7071068 0 
21.454976.959999 2.700001 -2.840012 0 -0.7071068 0 0.7071068 0 6.849998 2.700001 2.269989 0 -0.7071068 0 0.7071068 0 
21.471286.959999 2.700001 -2.840012 0 -0.7071068 0 0.7071068 0 6.849998 2.700001 2.269989 0 -0.7071068 0 0.7071068 0 
21.487956.959999 2.700001 -2.840012 0 -0.7071068 0 0.7071068 0 6.849998 2.700001 2.269989 0 -0.7071068 0 0.7071068 0 
21.504236.959999 2.700001 -2.840012 0 -0.7071068 0 0.7071068 0 6.849998 2.700001 2.269989 0 -0.7071068 0 0.7071068 0 
21.520356.959999 2.700001 -2.840012 0 -0.7071068 0 0.7071068 0 6.849998 2.700001 2.269989 0 -0.7071068 0 0.7071068 0 
21.537856.959999 2.700001 -2.840012 0 -0.7071068 0 0.7071068 0 6.849998 2.700001 2.269989 0 -0.7071068 0 0.7071068 0 
21.553916.959999 2.700001 -2.840012 0 -0.7071068 0 0.7071068 0 6.849998 2.700001 2.269989 0 -0.7071068 0 0.7071068 0 
21.570676.959999 2.700001 -2.840012 0 -0.7071068 0 0.7071068 0 6.849998 2.700001 2.269989 0 -0.7071068 0 0.7071068 0 
21.587496.959999 2.700001 -2.840012 0 -0.7071068 0 0.7071068 0 6.849998 2.700001 2.269989 0 -0.7071068 0 0.7071068 0 
21.603616.959999 2.700001 -2.840012 0 -0.7071068 0 0.7071068 0 6.849998 2.700001 2.269989 0 -0.7071068 0 0.7071068 0 
21.619986.959999 2.700001 -2.840012 0 -0.7071068 0 0.7071068 0 6.849998 2.700001 2.269989 0 -0.7071068 0 0.7071068 0 
21.63686.959999 2.700001 -2.840012 0 -0.7071068 0 0.7071068 0 6.849998 2.700001 2.269989 0 -0.7071068 0 0.7071068 0 
21.653466.959999 2.700001 -2.840012 0 -0.7071068 0 0.7071068 0 6.849998 2.700001 2.269989 0 -0.7071068 0 0.7071068 0 
21.669916.959999 2.700001 -2.840012 0 -0.7071068 0 0.7071068 0 6.849998 2.700001 2.269989 0 -0.7071068 0 0.7071068 0 
21.686536.959999 2.700001 -2.840012 0 -0.7071068 0 0.7071068 0 6.849998 2.700001 2.269989 0 -0.7071068 0 0.7071068 0 
21.703286.959999 2.700001 -2.840012 0 -0.7071068 0 0.7071068 0 6.849998 2.700001 2.269989 0 -0.7071068 0 0.7071068 0 
21.719796.959999 2.700001 -2.840012 0 -0.7071068 0 0.7071068 0 6.849998 2.700001 2.269989 0 -0.7071068 0 0.7071068 0 
