4 5 2
79.622346.316494 6.432648 1.464554 -0.01392815 0.6871533 0.03368381 0.7255976 -0.2089188 5.847687 6.890293 -2.408691 -0.06208488 0.627906 0.06488097 0.7730912 0.3314762 
79.635116.305332 6.410324 1.464554 -0.01414217 0.6869897 0.03392358 0.7257372 -0.2074371 5.836525 6.901455 -2.408691 -0.06212879 0.6280345 0.065288 0.7729491 0.3314762 
79.651846.305332 6.410324 1.464554 -0.01414217 0.6869897 0.03392358 0.7257372 -0.2074371 5.836525 6.901455 -2.408691 -0.06212879 0.6280345 0.065288 0.7729491 0.3314762 
79.668466.305332 6.410324 1.464554 -0.01414217 0.6869897 0.03392358 0.7257372 -0.2074371 5.836525 6.901455 -2.408691 -0.06212879 0.6280345 0.065288 0.7729491 0.3314762 
79.684316.305332 6.399162 1.4534 -0.01436635 0.686883 0.03410405 0.7258253 -0.2074371 5.825363 6.901455 -2.419846 -0.06191195 0.6281294 0.06571124 0.7728533 0.3314762 
79.70156.305332 6.399162 1.4534 -0.01436635 0.686883 0.03410405 0.7258253 -0.2074371 5.825363 6.901455 -2.419846 -0.06191195 0.6281294 0.06571124 0.7728533 0.3314762 
79.718076.305332 6.376839 1.44223 -0.01425875 0.686838 0.03438491 0.7258567 -0.2074371 5.814198 6.901455 -2.431015 -0.06180738 0.6281266 0.0662172 0.7728209 0.3314762 
79.735356.305332 6.376839 1.44223 -0.01425875 0.686838 0.03438491 0.7258567 -0.2074371 5.814198 6.901455 -2.431015 -0.06180738 0.6281266 0.0662172 0.7728209 0.3314762 
79.752166.305332 6.376839 1.44223 -0.01425875 0.686838 0.03438491 0.7258567 -0.2074371 5.814198 6.901455 -2.431015 -0.06180738 0.6281266 0.0662172 0.7728209 0.3314762 
79.767676.316494 6.365673 1.431076 -0.01436634 0.6866226 0.03425014 0.7260648 -0.2059554 5.825363 6.890293 -2.442184 -0.06189872 0.6279591 0.06630915 0.7729418 0.3314762 
79.783786.316494 6.365673 1.431076 -0.01436634 0.6866226 0.03425014 0.7260648 -0.2059554 5.825363 6.890293 -2.442184 -0.06189872 0.6279591 0.06630915 0.7729418 0.3314762 
79.800926.327656 6.354511 1.419907 -0.01446138 0.6863415 0.03444861 0.7263193 -0.2059554 5.825363 6.86797 -2.464508 -0.06230782 0.6281236 0.06619391 0.7727851 0.3314762 
79.817266.327656 6.354511 1.419907 -0.01446138 0.6863415 0.03444861 0.7263193 -0.2059554 5.825363 6.86797 -2.464508 -0.06230782 0.6281236 0.06619391 0.7727851 0.3314762 
79.833926.327656 6.354511 1.419907 -0.01446138 0.6863415 0.03444861 0.7263193 -0.2059554 5.825363 6.86797 -2.464508 -0.06230782 0.6281236 0.06619391 0.7727851 0.3314762 
79.851226.327656 6.332188 1.408752 -0.0147983 0.6860583 0.03498324 0.7265544 -0.2059554 5.836525 6.81216 -2.464508 -0.06268341 0.6276638 0.06572839 0.773168 0.3314762 
79.867176.327656 6.332188 1.408752 -0.0147983 0.6860583 0.03498324 0.7265544 -0.2059554 5.836525 6.81216 -2.464508 -0.06268341 0.6276638 0.06572839 0.773168 0.3314762 
79.883556.338818 6.321026 1.397583 -0.01502251 0.6859511 0.0351637 0.7266424 -0.2059554 5.858849 6.778675 -2.475662 -0.06271151 0.6272777 0.06554028 0.773495 0.3314762 
79.900416.338818 6.321026 1.397583 -0.01502251 0.6859511 0.0351637 0.7266424 -0.2059554 5.858849 6.778675 -2.475662 -0.06271151 0.6272777 0.06554028 0.773495 0.3314762 
79.916936.338818 6.321026 1.397583 -0.01502251 0.6859511 0.0351637 0.7266424 -0.2059554 5.858849 6.778675 -2.475662 -0.06271151 0.6272777 0.06554028 0.773495 0.3314762 
79.933386.338818 6.309864 1.386429 -0.01501595 0.6859182 0.03533024 0.7266654 -0.2044737 5.847687 6.778675 -2.497986 -0.06239557 0.627461 0.06595771 0.7733364 0.3182172 
79.950036.338818 6.309864 1.386429 -0.01501595 0.6859182 0.03533024 0.7266654 -0.2044737 5.847687 6.778675 -2.497986 -0.06239557 0.627461 0.06595771 0.7733364 0.3182172 
79.966926.338818 6.309864 1.386429 -0.01506866 0.6858059 0.03539997 0.7267669 -0.2044737 5.847687 6.778675 -2.497986 -0.06227569 0.6274793 0.06596125 0.7733308 0.3182172 
79.982566.338818 6.309864 1.386429 -0.01506866 0.6858059 0.03539997 0.7267669 -0.2044737 5.847687 6.778675 -2.497986 -0.06227569 0.6274793 0.06596125 0.7733308 0.3182172 
79.999876.338818 6.309864 1.386429 -0.01506866 0.6858059 0.03539997 0.7267669 -0.2044737 5.847687 6.778675 -2.497986 -0.06227569 0.6274793 0.06596125 0.7733308 0.3182172 
80.016176.327656 6.298702 1.386429 -0.01506866 0.6858059 0.03539997 0.7267669 -0.2044737 5.836525 6.789837 -2.497986 -0.06200724 0.6273665 0.06606361 0.7734351 0.3314762 
80.032786.327656 6.298702 1.386429 -0.01506866 0.6858059 0.03539997 0.7267669 -0.2044737 5.836525 6.789837 -2.497986 -0.06200724 0.6273665 0.06606361 0.7734351 0.3314762 
80.049746.327656 6.298702 1.386429 -0.01501223 0.6858941 0.03522288 0.7266934 -0.2059554 5.836525 6.800999 -2.497986 -0.06189943 0.6274039 0.06633398 0.7733904 0.3314762 
80.065326.327656 6.298702 1.386429 -0.01501223 0.6858941 0.03522288 0.7266934 -0.2059554 5.836525 6.800999 -2.497986 -0.06189943 0.6274039 0.06633398 0.7733904 0.3314762 
80.082876.327656 6.298702 1.386429 -0.01501223 0.6858941 0.03522288 0.7266934 -0.2059554 5.836525 6.800999 -2.497986 -0.06189943 0.6274039 0.06633398 0.7733904 0.3314762 
80.099686.327656 6.309864 1.386429 -0.01501223 0.6858941 0.03522288 0.7266934 -0.2059554 5.825363 6.834484 -2.509155 -0.06182501 0.6275302 0.06686222 0.7732484 0.3314762 
80.116166.327656 6.309864 1.386429 -0.01501223 0.6858941 0.03522288 0.7266934 -0.2059554 5.825363 6.834484 -2.509155 -0.06182501 0.6275302 0.06686222 0.7732484 0.3314762 
80.132196.338818 6.309864 1.375259 -0.015075 0.6858388 0.03523325 0.7267438 -0.2044737 5.836525 6.845646 -2.509155 -0.06168553 0.6274583 0.06699261 0.7733065 0.3314762 
80.148966.338818 6.309864 1.375259 -0.015075 0.6858388 0.03523325 0.7267438 -0.2044737 5.836525 6.845646 -2.509155 -0.06168553 0.6274583 0.06699261 0.7733065 0.3314762 
80.164736.338818 6.309864 1.375259 -0.015075 0.6858388 0.03523325 0.7267438 -0.2044737 5.836525 6.845646 -2.509155 -0.06168553 0.6274583 0.06699261 0.7733065 0.3314762 
80.182096.338818 6.298702 1.375259 -0.01512375 0.6857025 0.03519541 0.7268733 -0.2044737 5.847687 6.81216 -2.520309 -0.0620195 0.6273856 0.0663306 0.7733959 0.3314762 
80.199046.338818 6.298702 1.375259 -0.01512375 0.6857025 0.03519541 0.7268733 -0.2044737 5.847687 6.81216 -2.520309 -0.0620195 0.6273856 0.0663306 0.7733959 0.3314762 
80.215456.361141 6.276379 1.364105 -0.01518018 0.6856141 0.03537252 0.7269468 -0.2044737 5.87001 6.778675 -2.520309 -0.06179551 0.627017 0.06588249 0.773751 0.3314762 
80.232036.361141 6.276379 1.364105 -0.01518018 0.6856141 0.03537252 0.7269468 -0.2044737 5.87001 6.778675 -2.520309 -0.06179551 0.627017 0.06588249 0.773751 0.3314762 
80.248376.361141 6.276379 1.364105 -0.01518018 0.6856141 0.03537252 0.7269468 -0.2044737 5.87001 6.778675 -2.520309 -0.06179551 0.627017 0.06588249 0.773751 0.3314762 
80.264156.383465 6.254055 1.352936 -0.01524288 0.6855588 0.03538296 0.7269972 -0.2044737 5.914658 6.767513 -2.509155 -0.06113544 0.626322 0.06607026 0.77435 0.3314762 
80.281356.383465 6.254055 1.352936 -0.01524288 0.6855588 0.03538296 0.7269972 -0.2044737 5.914658 6.767513 -2.509155 -0.06113544 0.626322 0.06607026 0.77435 0.3314762 
80.298076.394627 6.254055 1.341782 -0.01534809 0.6855952 0.0353761 0.726961 -0.2044737 5.925819 6.767513 -2.497986 -0.06080513 0.62597 0.06601012 0.7746657 0.3182172 
80.31476.394627 6.254055 1.341782 -0.01534809 0.6855952 0.0353761 0.726961 -0.2044737 5.925819 6.767513 -2.497986 -0.06080513 0.62597 0.06601012 0.7746657 0.3182172 
80.331286.394627 6.254055 1.341782 -0.01534809 0.6855952 0.0353761 0.726961 -0.2044737 5.925819 6.767513 -2.497986 -0.06080513 0.62597 0.06601012 0.7746657 0.3182172 
80.348656.394627 6.254055 1.330612 -0.01535185 0.6856192 0.03548348 0.7269331 -0.2074371 5.936981 6.767513 -2.497986 -0.06088584 0.6257632 0.06595275 0.7748313 0.3182172 
80.363696.394627 6.254055 1.330612 -0.01535185 0.6856192 0.03548348 0.7269331 -0.2074371 5.936981 6.767513 -2.497986 -0.06088584 0.6257632 0.06595275 0.7748313 0.3182172 
80.381476.405788 6.242893 1.330612 -0.01550948 0.6855432 0.03554624 0.7269982 -0.2074371 5.948143 6.778675 -2.497986 -0.06098617 0.6256546 0.06607618 0.7749006 0.3182172 
80.397846.405788 6.242893 1.330612 -0.01550948 0.6855432 0.03554624 0.7269982 -0.2074371 5.948143 6.778675 -2.497986 -0.06098617 0.6256546 0.06607618 0.7749006 0.3182172 
80.414576.405788 6.242893 1.330612 -0.01550948 0.6855432 0.03554624 0.7269982 -0.2074371 5.948143 6.778675 -2.497986 -0.06098617 0.6256546 0.06607618 0.7749006 0.3182172 
