-4 0 0
6.959999 2.700001 -2.840012 0 -0.7071068 0 0.7071068 4.372532 6.959999 2.700001 -2.840012 0 -0.7071068 0 0.7071068 0 6.849998 2.700001 2.269989 0 -0.7071068 0 0.7071068 0 
6.959999 2.700001 -2.840012 0 -0.7071068 0 0.7071068 4.38505 6.959999 2.700001 -2.840012 0 -0.7071068 0 0.7071068 0 6.849998 2.700001 2.269989 0 -0.7071068 0 0.7071068 0 
6.959999 2.700001 -2.840012 0 -0.7071068 0 0.7071068 4.401053 6.959999 2.700001 -2.840012 0 -0.7071068 0 0.7071068 0 6.849998 2.700001 2.269989 0 -0.7071068 0 0.7071068 0 
6.959999 2.700001 -2.840012 0 -0.7071068 0 0.7071068 4.418182 6.959999 2.700001 -2.840012 0 -0.7071068 0 0.7071068 0 6.849998 2.700001 2.269989 0 -0.7071068 0 0.7071068 0 
6.959999 2.700001 -2.840012 0 -0.7071068 0 0.7071068 4.433632 6.959999 2.700001 -2.840012 0 -0.7071068 0 0.7071068 0 6.849998 2.700001 2.269989 0 -0.7071068 0 0.7071068 0 
6.959999 2.700001 -2.840012 0 -0.7071068 0 0.7071068 4.450658 6.959999 2.700001 -2.840012 0 -0.7071068 0 0.7071068 0 6.849998 2.700001 2.269989 0 -0.7071068 0 0.7071068 0 
6.959999 2.700001 -2.840012 0 -0.7071068 0 0.7071068 4.467679 6.959999 2.700001 -2.840012 0 -0.7071068 0 0.7071068 0 6.849998 2.700001 2.269989 0 -0.7071068 0 0.7071068 0 
6.959999 2.700001 -2.840012 0 -0.7071068 0 0.7071068 4.483769 6.959999 2.700001 -2.840012 0 -0.7071068 0 0.7071068 0 6.849998 2.700001 2.269989 0 -0.7071068 0 0.7071068 0 
6.959999 2.700001 -2.840012 0 -0.7071068 0 0.7071068 4.500483 6.959999 2.700001 -2.840012 0 -0.7071068 0 0.7071068 0 6.849998 2.700001 2.269989 0 -0.7071068 0 0.7071068 0 
6.959999 2.700001 -2.840012 0 -0.7071068 0 0.7071068 4.516339 6.959999 2.700001 -2.840012 0 -0.7071068 0 0.7071068 0 6.849998 2.700001 2.269989 0 -0.7071068 0 0.7071068 0 
6.959999 2.700001 -2.840012 0 -0.7071068 0 0.7071068 4.533473 6.959999 2.700001 -2.840012 0 -0.7071068 0 0.7071068 0 6.849998 2.700001 2.269989 0 -0.7071068 0 0.7071068 0 
6.959999 2.700001 -2.840012 0 -0.7071068 0 0.7071068 4.550066 6.959999 2.700001 -2.840012 0 -0.7071068 0 0.7071068 0 6.849998 2.700001 2.269989 0 -0.7071068 0 0.7071068 0 
6.959999 2.700001 -2.840012 0 -0.7071068 0 0.7071068 4.567118 6.959999 2.700001 -2.840012 0 -0.7071068 0 0.7071068 0 6.849998 2.700001 2.269989 0 -0.7071068 0 0.7071068 0 
6.959999 2.700001 -2.840012 0 -0.7071068 0 0.7071068 4.583002 6.959999 2.700001 -2.840012 0 -0.7071068 0 0.7071068 0 6.849998 2.700001 2.269989 0 -0.7071068 0 0.7071068 0 
6.959999 2.700001 -2.840012 0 -0.7071068 0 0.7071068 4.599957 6.959999 2.700001 -2.840012 0 -0.7071068 0 0.7071068 0 6.849998 2.700001 2.269989 0 -0.7071068 0 0.7071068 0 
6.959999 2.700001 -2.840012 0 -0.7071068 0 0.7071068 4.616509 6.959999 2.700001 -2.840012 0 -0.7071068 0 0.7071068 0 6.849998 2.700001 2.269989 0 -0.7071068 0 0.7071068 0 
6.959999 2.700001 -2.840012 0 -0.7071068 0 0.7071068 4.633093 6.959999 2.700001 -2.840012 0 -0.7071068 0 0.7071068 0 6.849998 2.700001 2.269989 0 -0.7071068 0 0.7071068 0 
6.959999 2.700001 -2.840012 0 -0.7071068 0 0.7071068 4.649713 6.959999 2.700001 -2.840012 0 -0.7071068 0 0.7071068 0 6.849998 2.700001 2.269989 0 -0.7071068 0 0.7071068 0 
6.959999 2.700001 -2.840012 0 -0.7071068 0 0.7071068 4.665987 6.959999 2.700001 -2.840012 0 -0.7071068 0 0.7071068 0 6.849998 2.700001 2.269989 0 -0.7071068 0 0.7071068 0 
6.959999 2.700001 -2.840012 0 -0.7071068 0 0.7071068 4.68258 6.959999 2.700001 -2.840012 0 -0.7071068 0 0.7071068 0 6.849998 2.700001 2.269989 0 -0.7071068 0 0.7071068 0 
6.959999 2.700001 -2.840012 0 -0.7071068 0 0.7071068 4.699049 6.959999 2.700001 -2.840012 0 -0.7071068 0 0.7071068 0 6.849998 2.700001 2.269989 0 -0.7071068 0 0.7071068 0 
6.959999 2.700001 -2.840012 0 -0.7071068 0 0.7071068 4.715133 6.959999 2.700001 -2.840012 0 -0.7071068 0 0.7071068 0 6.849998 2.700001 2.269989 0 -0.7071068 0 0.7071068 0 
6.959999 2.700001 -2.840012 0 -0.7071068 0 0.7071068 4.732231 6.959999 2.700001 -2.840012 0 -0.7071068 0 0.7071068 0 6.849998 2.700001 2.269989 0 -0.7071068 0 0.7071068 0 
6.959999 2.700001 -2.840012 0 -0.7071068 0 0.7071068 4.74881 6.959999 2.700001 -2.840012 0 -0.7071068 0 0.7071068 0 6.849998 2.700001 2.269989 0 -0.7071068 0 0.7071068 0 
6.959999 2.700001 -2.840012 0 -0.7071068 0 0.7071068 4.765775 6.959999 2.700001 -2.840012 0 -0.7071068 0 0.7071068 0 6.849998 2.700001 2.269989 0 -0.7071068 0 0.7071068 0 
6.959999 2.700001 -2.840012 0 -0.7071068 0 0.7071068 4.781829 6.959999 2.700001 -2.840012 0 -0.7071068 0 0.7071068 0 6.849998 2.700001 2.269989 0 -0.7071068 0 0.7071068 0 
6.959999 2.700001 -2.840012 0 -0.7071068 0 0.7071068 4.79853 6.959999 2.700001 -2.840012 0 -0.7071068 0 0.7071068 0 6.849998 2.700001 2.269989 0 -0.7071068 0 0.7071068 0 
6.959999 2.700001 -2.840012 0 -0.7071068 0 0.7071068 4.815099 6.959999 2.700001 -2.840012 0 -0.7071068 0 0.7071068 0 6.849998 2.700001 2.269989 0 -0.7071068 0 0.7071068 0 
6.959999 2.700001 -2.840012 0 -0.7071068 0 0.7071068 4.832682 6.959999 2.700001 -2.840012 0 -0.7071068 0 0.7071068 0 6.849998 2.700001 2.269989 0 -0.7071068 0 0.7071068 0 
6.959999 2.700001 -2.840012 0 -0.7071068 0 0.7071068 4.848476 6.959999 2.700001 -2.840012 0 -0.7071068 0 0.7071068 0 6.849998 2.700001 2.269989 0 -0.7071068 0 0.7071068 0 
6.959999 2.700001 -2.840012 0 -0.7071068 0 0.7071068 4.865467 6.959999 2.700001 -2.840012 0 -0.7071068 0 0.7071068 0 6.849998 2.700001 2.269989 0 -0.7071068 0 0.7071068 0 
6.959999 2.700001 -2.840012 0 -0.7071068 0 0.7071068 4.881404 6.959999 2.700001 -2.840012 0 -0.7071068 0 0.7071068 0 6.849998 2.700001 2.269989 0 -0.7071068 0 0.7071068 0 
6.959999 2.700001 -2.840012 0 -0.7071068 0 0.7071068 4.897372 6.959999 2.700001 -2.840012 0 -0.7071068 0 0.7071068 0 6.849998 2.700001 2.269989 0 -0.7071068 0 0.7071068 0 
6.959999 2.700001 -2.840012 0 -0.7071068 0 0.7071068 4.914461 6.959999 2.700001 -2.840012 0 -0.7071068 0 0.7071068 0 6.849998 2.700001 2.269989 0 -0.7071068 0 0.7071068 0 
6.959999 2.700001 -2.840012 0 -0.7071068 0 0.7071068 4.931252 6.959999 2.700001 -2.840012 0 -0.7071068 0 0.7071068 0 6.849998 2.700001 2.269989 0 -0.7071068 0 0.7071068 0 
6.959999 2.700001 -2.840012 0 -0.7071068 0 0.7071068 4.947555 6.959999 2.700001 -2.840012 0 -0.7071068 0 0.7071068 0 6.849998 2.700001 2.269989 0 -0.7071068 0 0.7071068 0 
6.959999 2.700001 -2.840012 0 -0.7071068 0 0.7071068 4.964282 6.959999 2.700001 -2.840012 0 -0.7071068 0 0.7071068 0 6.849998 2.700001 2.269989 0 -0.7071068 0 0.7071068 0 
6.959999 2.700001 -2.840012 0 -0.7071068 0 0.7071068 4.981415 6.959999 2.700001 -2.840012 0 -0.7071068 0 0.7071068 0 6.849998 2.700001 2.269989 0 -0.7071068 0 0.7071068 0 
6.959999 2.700001 -2.840012 0 -0.7071068 0 0.7071068 4.996797 6.959999 2.700001 -2.840012 0 -0.7071068 0 0.7071068 0 6.849998 2.700001 2.269989 0 -0.7071068 0 0.7071068 0 
6.959999 2.700001 -2.840012 0 -0.7071068 0 0.7071068 5.014204 6.959999 2.700001 -2.840012 0 -0.7071068 0 0.7071068 0 6.849998 2.700001 2.269989 0 -0.7071068 0 0.7071068 0 
6.959999 2.700001 -2.840012 0 -0.7071068 0 0.7071068 5.030352 6.959999 2.700001 -2.840012 0 -0.7071068 0 0.7071068 0 6.849998 2.700001 2.269989 0 -0.7071068 0 0.7071068 0 
6.959999 2.700001 -2.840012 0 -0.7071068 0 0.7071068 5.047014 6.959999 2.700001 -2.840012 0 -0.7071068 0 0.7071068 0 6.849998 2.700001 2.269989 0 -0.7071068 0 0.7071068 0 
6.959999 2.700001 -2.840012 0 -0.7071068 0 0.7071068 5.063474 6.959999 2.700001 -2.840012 0 -0.7071068 0 0.7071068 0 6.849998 2.700001 2.269989 0 -0.7071068 0 0.7071068 0 
6.959999 2.700001 -2.840012 0 -0.7071068 0 0.7071068 5.08067 6.959999 2.700001 -2.840012 0 -0.7071068 0 0.7071068 0 6.849998 2.700001 2.269989 0 -0.7071068 0 0.7071068 0 
6.959999 2.700001 -2.840012 0 -0.7071068 0 0.7071068 5.096157 6.959999 2.700001 -2.840012 0 -0.7071068 0 0.7071068 0 6.849998 2.700001 2.269989 0 -0.7071068 0 0.7071068 0 
6.959999 2.700001 -2.840012 0 -0.7071068 0 0.7071068 5.113261 6.959999 2.700001 -2.840012 0 -0.7071068 0 0.7071068 0 6.849998 2.700001 2.269989 0 -0.7071068 0 0.7071068 0 
6.959999 2.700001 -2.840012 0 -0.7071068 0 0.7071068 5.129819 6.959999 2.700001 -2.840012 0 -0.7071068 0 0.7071068 0 6.849998 2.700001 2.269989 0 -0.7071068 0 0.7071068 0 
6.959999 2.700001 -2.840012 0 -0.7071068 0 0.7071068 5.147219 6.959999 2.700001 -2.840012 0 -0.7071068 0 0.7071068 0 6.849998 2.700001 2.269989 0 -0.7071068 0 0.7071068 0 
6.959999 2.700001 -2.840012 0 -0.7071068 0 0.7071068 5.163019 6.959999 2.700001 -2.840012 0 -0.7071068 0 0.7071068 0 6.849998 2.700001 2.269989 0 -0.7071068 0 0.7071068 0 
6.959999 2.700001 -2.840012 0 -0.7071068 0 0.7071068 5.179642 6.959999 2.700001 -2.840012 0 -0.7071068 0 0.7071068 0 6.849998 2.700001 2.269989 0 -0.7071068 0 0.7071068 0 
6.959999 2.700001 -2.840012 0 -0.7071068 0 0.7071068 5.196065 6.959999 2.700001 -2.840012 0 -0.7071068 0 0.7071068 0 6.849998 2.700001 2.269989 0 -0.7071068 0 0.7071068 0 
6.959999 2.700001 -2.840012 0 -0.7071068 0 0.7071068 5.212715 6.959999 2.700001 -2.840012 0 -0.7071068 0 0.7071068 0 6.849998 2.700001 2.269989 0 -0.7071068 0 0.7071068 0 
6.959999 2.700001 -2.840012 0 -0.7071068 0 0.7071068 5.229484 6.959999 2.700001 -2.840012 0 -0.7071068 0 0.7071068 0 6.849998 2.700001 2.269989 0 -0.7071068 0 0.7071068 0 
6.959999 2.700001 -2.840012 0 -0.7071068 0 0.7071068 5.246385 6.959999 2.700001 -2.840012 0 -0.7071068 0 0.7071068 0 6.849998 2.700001 2.269989 0 -0.7071068 0 0.7071068 0 
6.959999 2.700001 -2.840012 0 -0.7071068 0 0.7071068 5.262292 6.959999 2.700001 -2.840012 0 -0.7071068 0 0.7071068 0 6.849998 2.700001 2.269989 0 -0.7071068 0 0.7071068 0 
6.959999 2.700001 -2.840012 0 -0.7071068 0 0.7071068 5.278934 6.959999 2.700001 -2.840012 0 -0.7071068 0 0.7071068 0 6.849998 2.700001 2.269989 0 -0.7071068 0 0.7071068 0 
6.959999 2.700001 -2.840012 0 -0.7071068 0 0.7071068 5.294986 6.959999 2.700001 -2.840012 0 -0.7071068 0 0.7071068 0 6.849998 2.700001 2.269989 0 -0.7071068 0 0.7071068 0 
6.959999 2.700001 -2.840012 0 -0.7071068 0 0.7071068 5.312283 6.959999 2.700001 -2.840012 0 -0.7071068 0 0.7071068 0 6.849998 2.700001 2.269989 0 -0.7071068 0 0.7071068 0 
6.959999 2.700001 -2.840012 0 -0.7071068 0 0.7071068 5.328661 6.959999 2.700001 -2.840012 0 -0.7071068 0 0.7071068 0 6.849998 2.700001 2.269989 0 -0.7071068 0 0.7071068 0 
6.959999 2.700001 -2.840012 0 -0.7071068 0 0.7071068 5.34517 6.959999 2.700001 -2.840012 0 -0.7071068 0 0.7071068 0 6.849998 2.700001 2.269989 0 -0.7071068 0 0.7071068 0 
6.959999 2.700001 -2.840012 0 -0.7071068 0 0.7071068 5.362273 6.959999 2.700001 -2.840012 0 -0.7071068 0 0.7071068 0 6.849998 2.700001 2.269989 0 -0.7071068 0 0.7071068 0 
6.959999 2.700001 -2.840012 0 -0.7071068 0 0.7071068 5.379074 6.959999 2.700001 -2.840012 0 -0.7071068 0 0.7071068 0 6.849998 2.700001 2.269989 0 -0.7071068 0 0.7071068 0 
6.959999 2.700001 -2.840012 0 -0.7071068 0 0.7071068 5.394434 6.959999 2.700001 -2.840012 0 -0.7071068 0 0.7071068 0 6.849998 2.700001 2.269989 0 -0.7071068 0 0.7071068 0 
6.959999 2.700001 -2.840012 0 -0.7071068 0 0.7071068 5.411477 6.959999 2.700001 -2.840012 0 -0.7071068 0 0.7071068 0 6.849998 2.700001 2.269989 0 -0.7071068 0 0.7071068 0 
6.959999 2.700001 -2.840012 0 -0.7071068 0 0.7071068 5.428017 6.959999 2.700001 -2.840012 0 -0.7071068 0 0.7071068 0 6.849998 2.700001 2.269989 0 -0.7071068 0 0.7071068 0 
6.959999 2.700001 -2.840012 0 -0.7071068 0 0.7071068 5.444862 6.959999 2.700001 -2.840012 0 -0.7071068 0 0.7071068 0 6.849998 2.700001 2.269989 0 -0.7071068 0 0.7071068 0 
6.959999 2.700001 -2.840012 0 -0.7071068 0 0.7071068 5.461127 6.959999 2.700001 -2.840012 0 -0.7071068 0 0.7071068 0 6.849998 2.700001 2.269989 0 -0.7071068 0 0.7071068 0 
6.959999 2.700001 -2.840012 0 -0.7071068 0 0.7071068 5.47728 6.959999 2.700001 -2.840012 0 -0.7071068 0 0.7071068 0 6.849998 2.700001 2.269989 0 -0.7071068 0 0.7071068 0 
6.959999 2.700001 -2.840012 0 -0.7071068 0 0.7071068 5.494656 6.959999 2.700001 -2.840012 0 -0.7071068 0 0.7071068 0 6.849998 2.700001 2.269989 0 -0.7071068 0 0.7071068 0 
6.959999 2.700001 -2.840012 0 -0.7071068 0 0.7071068 5.511701 6.959999 2.700001 -2.840012 0 -0.7071068 0 0.7071068 0 6.849998 2.700001 2.269989 0 -0.7071068 0 0.7071068 0 
6.959999 2.700001 -2.840012 0 -0.7071068 0 0.7071068 5.527522 6.959999 2.700001 -2.840012 0 -0.7071068 0 0.7071068 0 6.849998 2.700001 2.269989 0 -0.7071068 0 0.7071068 0 
6.959999 2.700001 -2.840012 0 -0.7071068 0 0.7071068 5.543992 6.959999 2.700001 -2.840012 0 -0.7071068 0 0.7071068 0 6.849998 2.700001 2.269989 0 -0.7071068 0 0.7071068 0 
6.959999 2.700001 -2.840012 0 -0.7071068 0 0.7071068 5.560541 6.959999 2.700001 -2.840012 0 -0.7071068 0 0.7071068 0 6.849998 2.700001 2.269989 0 -0.7071068 0 0.7071068 0 
6.959999 2.700001 -2.840012 0 -0.7071068 0 0.7071068 5.576586 6.959999 2.700001 -2.840012 0 -0.7071068 0 0.7071068 0 6.849998 2.700001 2.269989 0 -0.7071068 0 0.7071068 0 
6.959999 2.700001 -2.840012 0 -0.7071068 0 0.7071068 5.593699 6.959999 2.700001 -2.840012 0 -0.7071068 0 0.7071068 0 6.849998 2.700001 2.269989 0 -0.7071068 0 0.7071068 0 
6.959999 2.700001 -2.840012 0 -0.7071068 0 0.7071068 5.610449 6.959999 2.700001 -2.840012 0 -0.7071068 0 0.7071068 0 6.849998 2.700001 2.269989 0 -0.7071068 0 0.7071068 0 
6.959999 2.700001 -2.840012 0 -0.7071068 0 0.7071068 5.626886 6.959999 2.700001 -2.840012 0 -0.7071068 0 0.7071068 0 6.849998 2.700001 2.269989 0 -0.7071068 0 0.7071068 0 
6.959999 2.700001 -2.840012 0 -0.7071068 0 0.7071068 5.643485 6.959999 2.700001 -2.840012 0 -0.7071068 0 0.7071068 0 6.849998 2.700001 2.269989 0 -0.7071068 0 0.7071068 0 
6.959999 2.700001 -2.840012 0 -0.7071068 0 0.7071068 5.6603 6.959999 2.700001 -2.840012 0 -0.7071068 0 0.7071068 0 6.849998 2.700001 2.269989 0 -0.7071068 0 0.7071068 0 
6.959999 2.700001 -2.840012 0 -0.7071068 0 0.7071068 5.675986 6.959999 2.700001 -2.840012 0 -0.7071068 0 0.7071068 0 6.849998 2.700001 2.269989 0 -0.7071068 0 0.7071068 0 
6.959999 2.700001 -2.840012 0 -0.7071068 0 0.7071068 5.693301 6.959999 2.700001 -2.840012 0 -0.7071068 0 0.7071068 0 6.849998 2.700001 2.269989 0 -0.7071068 0 0.7071068 0 
6.959999 2.700001 -2.840012 0 -0.7071068 0 0.7071068 5.709597 6.959999 2.700001 -2.840012 0 -0.7071068 0 0.7071068 0 6.849998 2.700001 2.269989 0 -0.7071068 0 0.7071068 0 
6.959999 2.700001 -2.840012 0 -0.7071068 0 0.7071068 5.726222 6.959999 2.700001 -2.840012 0 -0.7071068 0 0.7071068 0 6.849998 2.700001 2.269989 0 -0.7071068 0 0.7071068 0 
6.959999 2.700001 -2.840012 0 -0.7071068 0 0.7071068 5.742782 6.959999 2.700001 -2.840012 0 -0.7071068 0 0.7071068 0 6.849998 2.700001 2.269989 0 -0.7071068 0 0.7071068 0 
6.959999 2.700001 -2.840012 0 -0.7071068 0 0.7071068 5.759389 6.959999 2.700001 -2.840012 0 -0.7071068 0 0.7071068 0 6.849998 2.700001 2.269989 0 -0.7071068 0 0.7071068 0 
6.959999 2.700001 -2.840012 0 -0.7071068 0 0.7071068 5.775617 6.959999 2.700001 -2.840012 0 -0.7071068 0 0.7071068 0 6.849998 2.700001 2.269989 0 -0.7071068 0 0.7071068 0 
6.959999 2.700001 -2.840012 0 -0.7071068 0 0.7071068 5.792433 6.959999 2.700001 -2.840012 0 -0.7071068 0 0.7071068 0 6.849998 2.700001 2.269989 0 -0.7071068 0 0.7071068 0 
6.959999 2.700001 -2.840012 0 -0.7071068 0 0.7071068 5.809156 6.959999 2.700001 -2.840012 0 -0.7071068 0 0.7071068 0 6.849998 2.700001 2.269989 0 -0.7071068 0 0.7071068 0 
6.959999 2.700001 -2.840012 0 -0.7071068 0 0.7071068 5.826228 6.959999 2.700001 -2.840012 0 -0.7071068 0 0.7071068 0 6.849998 2.700001 2.269989 0 -0.7071068 0 0.7071068 0 
6.959999 2.700001 -2.840012 0 -0.7071068 0 0.7071068 5.843109 6.959999 2.700001 -2.840012 0 -0.7071068 0 0.7071068 0 6.849998 2.700001 2.269989 0 -0.7071068 0 0.7071068 0 
6.959999 2.700001 -2.840012 0 -0.7071068 0 0.7071068 5.859254 6.959999 2.700001 -2.840012 0 -0.7071068 0 0.7071068 0 6.849998 2.700001 2.269989 0 -0.7071068 0 0.7071068 0 
6.959999 2.700001 -2.840012 0 -0.7071068 0 0.7071068 5.875569 6.959999 2.700001 -2.840012 0 -0.7071068 0 0.7071068 0 6.849998 2.700001 2.269989 0 -0.7071068 0 0.7071068 0 
6.959999 2.700001 -2.840012 0 -0.7071068 0 0.7071068 5.891902 6.959999 2.700001 -2.840012 0 -0.7071068 0 0.7071068 0 6.849998 2.700001 2.269989 0 -0.7071068 0 0.7071068 0 
6.959999 2.700001 -2.840012 0 -0.7071068 0 0.7071068 5.908915 6.959999 2.700001 -2.840012 0 -0.7071068 0 0.7071068 0 6.849998 2.700001 2.269989 0 -0.7071068 0 0.7071068 0 
6.959999 2.700001 -2.840012 0 -0.7071068 0 0.7071068 5.925099 6.959999 2.700001 -2.840012 0 -0.7071068 0 0.7071068 0 6.849998 2.700001 2.269989 0 -0.7071068 0 0.7071068 0 
6.959999 2.700001 -2.840012 0 -0.7071068 0 0.7071068 5.941739 6.959999 2.700001 -2.840012 0 -0.7071068 0 0.7071068 0 6.849998 2.700001 2.269989 0 -0.7071068 0 0.7071068 0 
6.959999 2.700001 -2.840012 0 -0.7071068 0 0.7071068 5.958714 6.959999 2.700001 -2.840012 0 -0.7071068 0 0.7071068 0 6.849998 2.700001 2.269989 0 -0.7071068 0 0.7071068 0 
6.959999 2.700001 -2.840012 0 -0.7071068 0 0.7071068 5.974257 6.959999 2.700001 -2.840012 0 -0.7071068 0 0.7071068 0 6.849998 2.700001 2.269989 0 -0.7071068 0 0.7071068 0 
6.959999 2.700001 -2.840012 0 -0.7071068 0 0.7071068 5.991252 6.959999 2.700001 -2.840012 0 -0.7071068 0 0.7071068 0 6.849998 2.700001 2.269989 0 -0.7071068 0 0.7071068 0 
6.959999 2.700001 -2.840012 0 -0.7071068 0 0.7071068 6.008601 6.959999 2.700001 -2.840012 0 -0.7071068 0 0.7071068 0 6.849998 2.700001 2.269989 0 -0.7071068 0 0.7071068 0 
6.959999 2.700001 -2.840012 0 -0.7071068 0 0.7071068 6.024669 6.959999 2.700001 -2.840012 0 -0.7071068 0 0.7071068 0 6.849998 2.700001 2.269989 0 -0.7071068 0 0.7071068 0 
6.959999 2.700001 -2.840012 0 -0.7071068 0 0.7071068 6.040968 6.959999 2.700001 -2.840012 0 -0.7071068 0 0.7071068 0 6.849998 2.700001 2.269989 0 -0.7071068 0 0.7071068 0 
6.959999 2.700001 -2.840012 0 -0.7071068 0 0.7071068 6.057061 6.959999 2.700001 -2.840012 0 -0.7071068 0 0.7071068 0 6.849998 2.700001 2.269989 0 -0.7071068 0 0.7071068 0 
6.959999 2.700001 -2.840012 0 -0.7071068 0 0.7071068 6.074622 6.959999 2.700001 -2.840012 0 -0.7071068 0 0.7071068 0 6.849998 2.700001 2.269989 0 -0.7071068 0 0.7071068 0 
6.959999 2.700001 -2.840012 0 -0.7071068 0 0.7071068 6.090585 6.959999 2.700001 -2.840012 0 -0.7071068 0 0.7071068 0 6.849998 2.700001 2.269989 0 -0.7071068 0 0.7071068 0 
6.959999 2.700001 -2.840012 0 -0.7071068 0 0.7071068 6.107409 6.959999 2.700001 -2.840012 0 -0.7071068 0 0.7071068 0 6.849998 2.700001 2.269989 0 -0.7071068 0 0.7071068 0 
6.959999 2.700001 -2.840012 0 -0.7071068 0 0.7071068 6.124333 6.959999 2.700001 -2.840012 0 -0.7071068 0 0.7071068 0 6.849998 2.700001 2.269989 0 -0.7071068 0 0.7071068 0 
6.959999 2.700001 -2.840012 0 -0.7071068 0 0.7071068 6.14033 6.959999 2.700001 -2.840012 0 -0.7071068 0 0.7071068 0 6.849998 2.700001 2.269989 0 -0.7071068 0 0.7071068 0 
6.959999 2.700001 -2.840012 0 -0.7071068 0 0.7071068 6.156785 6.959999 2.700001 -2.840012 0 -0.7071068 0 0.7071068 0 6.849998 2.700001 2.269989 0 -0.7071068 0 0.7071068 0 
6.959999 2.700001 -2.840012 0 -0.7071068 0 0.7071068 6.174461 6.959999 2.700001 -2.840012 0 -0.7071068 0 0.7071068 0 6.849998 2.700001 2.269989 0 -0.7071068 0 0.7071068 0 
6.959999 2.700001 -2.840012 0 -0.7071068 0 0.7071068 6.190016 6.959999 2.700001 -2.840012 0 -0.7071068 0 0.7071068 0 6.849998 2.700001 2.269989 0 -0.7071068 0 0.7071068 0 
6.959999 2.700001 -2.840012 0 -0.7071068 0 0.7071068 6.207052 6.959999 2.700001 -2.840012 0 -0.7071068 0 0.7071068 0 6.849998 2.700001 2.269989 0 -0.7071068 0 0.7071068 0 
6.959999 2.700001 -2.840012 0 -0.7071068 0 0.7071068 6.223111 6.959999 2.700001 -2.840012 0 -0.7071068 0 0.7071068 0 6.849998 2.700001 2.269989 0 -0.7071068 0 0.7071068 0 
6.959999 2.700001 -2.840012 0 -0.7071068 0 0.7071068 6.239948 6.959999 2.700001 -2.840012 0 -0.7071068 0 0.7071068 0 6.849998 2.700001 2.269989 0 -0.7071068 0 0.7071068 0 
6.959999 2.700001 -2.840012 0 -0.7071068 0 0.7071068 6.255828 6.959999 2.700001 -2.840012 0 -0.7071068 0 0.7071068 0 6.849998 2.700001 2.269989 0 -0.7071068 0 0.7071068 0 
6.959999 2.700001 -2.840012 0 -0.7071068 0 0.7071068 6.272994 6.959999 2.700001 -2.840012 0 -0.7071068 0 0.7071068 0 6.849998 2.700001 2.269989 0 -0.7071068 0 0.7071068 0 
6.959999 2.700001 -2.840012 0 -0.7071068 0 0.7071068 6.289439 6.959999 2.700001 -2.840012 0 -0.7071068 0 0.7071068 0 6.849998 2.700001 2.269989 0 -0.7071068 0 0.7071068 0 
6.959999 2.700001 -2.840012 0 -0.7071068 0 0.7071068 6.306032 6.959999 2.700001 -2.840012 0 -0.7071068 0 0.7071068 0 6.849998 2.700001 2.269989 0 -0.7071068 0 0.7071068 0 
6.959999 2.700001 -2.840012 0 -0.7071068 0 0.7071068 6.322619 6.959999 2.700001 -2.840012 0 -0.7071068 0 0.7071068 0 6.849998 2.700001 2.269989 0 -0.7071068 0 0.7071068 0 
6.959999 2.700001 -2.840012 0 -0.7071068 0 0.7071068 6.339202 6.959999 2.700001 -2.840012 0 -0.7071068 0 0.7071068 0 6.849998 2.700001 2.269989 0 -0.7071068 0 0.7071068 0 
6.959999 2.700001 -2.840012 0 -0.7071068 0 0.7071068 6.355252 6.959999 2.700001 -2.840012 0 -0.7071068 0 0.7071068 0 6.849998 2.700001 2.269989 0 -0.7071068 0 0.7071068 0 
6.959999 2.700001 -2.840012 0 -0.7071068 0 0.7071068 6.372651 6.959999 2.700001 -2.840012 0 -0.7071068 0 0.7071068 0 6.849998 2.700001 2.269989 0 -0.7071068 0 0.7071068 0 
6.959999 2.700001 -2.840012 0 -0.7071068 0 0.7071068 6.388909 6.959999 2.700001 -2.840012 0 -0.7071068 0 0.7071068 0 6.849998 2.700001 2.269989 0 -0.7071068 0 0.7071068 0 
6.959999 2.700001 -2.840012 0 -0.7071068 0 0.7071068 6.40556 6.959999 2.700001 -2.840012 0 -0.7071068 0 0.7071068 0 6.849998 2.700001 2.269989 0 -0.7071068 0 0.7071068 0 
6.959999 2.700001 -2.840012 0 -0.7071068 0 0.7071068 6.421972 6.959999 2.700001 -2.840012 0 -0.7071068 0 0.7071068 0 6.849998 2.700001 2.269989 0 -0.7071068 0 0.7071068 0 
6.959999 2.700001 -2.840012 0 -0.7071068 0 0.7071068 6.438579 6.959999 2.700001 -2.840012 0 -0.7071068 0 0.7071068 0 6.849998 2.700001 2.269989 0 -0.7071068 0 0.7071068 0 
6.959999 2.700001 -2.840012 0 -0.7071068 0 0.7071068 6.454659 6.959999 2.700001 -2.840012 0 -0.7071068 0 0.7071068 0 6.849998 2.700001 2.269989 0 -0.7071068 0 0.7071068 0 
6.959999 2.700001 -2.840012 0 -0.7071068 0 0.7071068 6.471727 6.959999 2.700001 -2.840012 0 -0.7071068 0 0.7071068 0 6.849998 2.700001 2.269989 0 -0.7071068 0 0.7071068 0 
6.959999 2.700001 -2.840012 0 -0.7071068 0 0.7071068 6.488527 6.959999 2.700001 -2.840012 0 -0.7071068 0 0.7071068 0 6.849998 2.700001 2.269989 0 -0.7071068 0 0.7071068 0 
6.959999 2.700001 -2.840012 0 -0.7071068 0 0.7071068 6.505385 6.959999 2.700001 -2.840012 0 -0.7071068 0 0.7071068 0 6.849998 2.700001 2.269989 0 -0.7071068 0 0.7071068 0 
6.959999 2.700001 -2.840012 0 -0.7071068 0 0.7071068 6.521501 6.959999 2.700001 -2.840012 0 -0.7071068 0 0.7071068 0 6.849998 2.700001 2.269989 0 -0.7071068 0 0.7071068 0 
6.959999 2.700001 -2.840012 0 -0.7071068 0 0.7071068 6.538299 6.959999 2.700001 -2.840012 0 -0.7071068 0 0.7071068 0 6.849998 2.700001 2.269989 0 -0.7071068 0 0.7071068 0 
6.959999 2.700001 -2.840012 0 -0.7071068 0 0.7071068 6.554011 6.959999 2.700001 -2.840012 0 -0.7071068 0 0.7071068 0 6.849998 2.700001 2.269989 0 -0.7071068 0 0.7071068 0 
6.959999 2.700001 -2.840012 0 -0.7071068 0 0.7071068 6.571131 6.959999 2.700001 -2.840012 0 -0.7071068 0 0.7071068 0 6.849998 2.700001 2.269989 0 -0.7071068 0 0.7071068 0 
6.959999 2.700001 -2.840012 0 -0.7071068 0 0.7071068 6.587765 6.959999 2.700001 -2.840012 0 -0.7071068 0 0.7071068 0 6.849998 2.700001 2.269989 0 -0.7071068 0 0.7071068 0 
6.959999 2.700001 -2.840012 0 -0.7071068 0 0.7071068 6.604242 6.959999 2.700001 -2.840012 0 -0.7071068 0 0.7071068 0 6.849998 2.700001 2.269989 0 -0.7071068 0 0.7071068 0 
6.959999 2.700001 -2.840012 0 -0.7071068 0 0.7071068 6.621845 6.959999 2.700001 -2.840012 0 -0.7071068 0 0.7071068 0 6.849998 2.700001 2.269989 0 -0.7071068 0 0.7071068 0 
6.959999 2.700001 -2.840012 0 -0.7071068 0 0.7071068 6.638856 6.959999 2.700001 -2.840012 0 -0.7071068 0 0.7071068 0 6.849998 2.700001 2.269989 0 -0.7071068 0 0.7071068 0 
6.959999 2.700001 -2.840012 0 -0.7071068 0 0.7071068 6.653811 6.959999 2.700001 -2.840012 0 -0.7071068 0 0.7071068 0 6.849998 2.700001 2.269989 0 -0.7071068 0 0.7071068 0 
6.959999 2.700001 -2.840012 0 -0.7071068 0 0.7071068 6.670811 6.959999 2.700001 -2.840012 0 -0.7071068 0 0.7071068 0 6.849998 2.700001 2.269989 0 -0.7071068 0 0.7071068 0 
6.959999 2.700001 -2.840012 0 -0.7071068 0 0.7071068 6.687056 6.959999 2.700001 -2.840012 0 -0.7071068 0 0.7071068 0 6.849998 2.700001 2.269989 0 -0.7071068 0 0.7071068 0 
6.959999 2.700001 -2.840012 0 -0.7071068 0 0.7071068 6.703912 6.959999 2.700001 -2.840012 0 -0.7071068 0 0.7071068 0 6.849998 2.700001 2.269989 0 -0.7071068 0 0.7071068 0 
6.959999 2.700001 -2.840012 0 -0.7071068 0 0.7071068 6.720439 6.959999 2.700001 -2.840012 0 -0.7071068 0 0.7071068 0 6.849998 2.700001 2.269989 0 -0.7071068 0 0.7071068 0 
6.959999 2.700001 -2.840012 0 -0.7071068 0 0.7071068 6.736304 6.959999 2.700001 -2.840012 0 -0.7071068 0 0.7071068 0 6.849998 2.700001 2.269989 0 -0.7071068 0 0.7071068 0 
6.959999 2.700001 -2.840012 0 -0.7071068 0 0.7071068 6.753437 6.959999 2.700001 -2.840012 0 -0.7071068 0 0.7071068 0 6.849998 2.700001 2.269989 0 -0.7071068 0 0.7071068 0 
6.959999 2.700001 -2.840012 0 -0.7071068 0 0.7071068 6.769877 6.959999 2.700001 -2.840012 0 -0.7071068 0 0.7071068 0 6.849998 2.700001 2.269989 0 -0.7071068 0 0.7071068 0 
6.959999 2.700001 -2.840012 0 -0.7071068 0 0.7071068 6.786513 6.959999 2.700001 -2.840012 0 -0.7071068 0 0.7071068 0 6.849998 2.700001 2.269989 0 -0.7071068 0 0.7071068 0 
6.959999 2.700001 -2.840012 0 -0.7071068 0 0.7071068 6.803697 6.959999 2.700001 -2.840012 0 -0.7071068 0 0.7071068 0 6.849998 2.700001 2.269989 0 -0.7071068 0 0.7071068 0 
6.959999 2.700001 -2.840012 0 -0.7071068 0 0.7071068 6.819641 6.959999 2.700001 -2.840012 0 -0.7071068 0 0.7071068 0 6.849998 2.700001 2.269989 0 -0.7071068 0 0.7071068 0 
6.959999 2.700001 -2.840012 0 -0.7071068 0 0.7071068 6.835644 6.959999 2.700001 -2.840012 0 -0.7071068 0 0.7071068 0 6.849998 2.700001 2.269989 0 -0.7071068 0 0.7071068 0 
6.959999 2.700001 -2.840012 0 -0.7071068 0 0.7071068 6.852705 6.959999 2.700001 -2.840012 0 -0.7071068 0 0.7071068 0 6.849998 2.700001 2.269989 0 -0.7071068 0 0.7071068 0 
6.959999 2.700001 -2.840012 0 -0.7071068 0 0.7071068 6.869287 6.959999 2.700001 -2.840012 0 -0.7071068 0 0.7071068 0 6.849998 2.700001 2.269989 0 -0.7071068 0 0.7071068 0 
6.959999 2.700001 -2.840012 0 -0.7071068 0 0.7071068 6.885859 6.959999 2.700001 -2.840012 0 -0.7071068 0 0.7071068 0 6.849998 2.700001 2.269989 0 -0.7071068 0 0.7071068 0 
6.959999 2.700001 -2.840012 0 -0.7071068 0 0.7071068 6.902554 6.959999 2.700001 -2.840012 0 -0.7071068 0 0.7071068 0 6.849998 2.700001 2.269989 0 -0.7071068 0 0.7071068 0 
6.959999 2.700001 -2.840012 0 -0.7071068 0 0.7071068 6.919453 6.959999 2.700001 -2.840012 0 -0.7071068 0 0.7071068 0 6.849998 2.700001 2.269989 0 -0.7071068 0 0.7071068 0 
6.959999 2.700001 -2.840012 0 -0.7071068 0 0.7071068 6.935047 6.959999 2.700001 -2.840012 0 -0.7071068 0 0.7071068 0 6.849998 2.700001 2.269989 0 -0.7071068 0 0.7071068 0 
6.959999 2.700001 -2.840012 0 -0.7071068 0 0.7071068 6.952285 6.959999 2.700001 -2.840012 0 -0.7071068 0 0.7071068 0 6.849998 2.700001 2.269989 0 -0.7071068 0 0.7071068 0 
6.959999 2.700001 -2.840012 0 -0.7071068 0 0.7071068 6.969414 6.959999 2.700001 -2.840012 0 -0.7071068 0 0.7071068 0 6.849998 2.700001 2.269989 0 -0.7071068 0 0.7071068 0 
6.959999 2.700001 -2.840012 0 -0.7071068 0 0.7071068 6.985253 6.959999 2.700001 -2.840012 0 -0.7071068 0 0.7071068 0 6.849998 2.700001 2.269989 0 -0.7071068 0 0.7071068 0 
6.959999 2.700001 -2.840012 0 -0.7071068 0 0.7071068 7.002478 6.959999 2.700001 -2.840012 0 -0.7071068 0 0.7071068 0 6.849998 2.700001 2.269989 0 -0.7071068 0 0.7071068 0 
6.959999 2.700001 -2.840012 0 -0.7071068 0 0.7071068 7.018326 6.959999 2.700001 -2.840012 0 -0.7071068 0 0.7071068 0 6.849998 2.700001 2.269989 0 -0.7071068 0 0.7071068 0 
6.959999 2.700001 -2.840012 0 -0.7071068 0 0.7071068 7.03457 6.959999 2.700001 -2.840012 0 -0.7071068 0 0.7071068 0 6.849998 2.700001 2.269989 0 -0.7071068 0 0.7071068 0 
6.959999 2.700001 -2.840012 0 -0.7071068 0 0.7071068 7.052168 6.959999 2.700001 -2.840012 0 -0.7071068 0 0.7071068 0 6.849998 2.700001 2.269989 0 -0.7071068 0 0.7071068 0 
6.959999 2.700001 -2.840012 0 -0.7071068 0 0.7071068 7.069114 6.959999 2.700001 -2.840012 0 -0.7071068 0 0.7071068 0 6.849998 2.700001 2.269989 0 -0.7071068 0 0.7071068 0 
6.959999 2.700001 -2.840012 0 -0.7071068 0 0.7071068 7.084627 6.959999 2.700001 -2.840012 0 -0.7071068 0 0.7071068 0 6.849998 2.700001 2.269989 0 -0.7071068 0 0.7071068 0 
6.959999 2.700001 -2.840012 0 -0.7071068 0 0.7071068 7.101326 6.959999 2.700001 -2.840012 0 -0.7071068 0 0.7071068 0 6.849998 2.700001 2.269989 0 -0.7071068 0 0.7071068 0 
6.959999 2.700001 -2.840012 0 -0.7071068 0 0.7071068 7.118254 6.959999 2.700001 -2.840012 0 -0.7071068 0 0.7071068 0 6.849998 2.700001 2.269989 0 -0.7071068 0 0.7071068 0 
6.959999 2.700001 -2.840012 0 -0.7071068 0 0.7071068 7.133876 6.959999 2.700001 -2.840012 0 -0.7071068 0 0.7071068 0 6.849998 2.700001 2.269989 0 -0.7071068 0 0.7071068 0 
6.959999 2.700001 -2.840012 0 -0.7071068 0 0.7071068 7.151549 6.959999 2.700001 -2.840012 0 -0.7071068 0 0.7071068 0 6.849998 2.700001 2.269989 0 -0.7071068 0 0.7071068 0 
6.959999 2.700001 -2.840012 0 -0.7071068 0 0.7071068 7.167453 6.959999 2.700001 -2.840012 0 -0.7071068 0 0.7071068 0 6.849998 2.700001 2.269989 0 -0.7071068 0 0.7071068 0 
6.959999 2.700001 -2.840012 0 -0.7071068 0 0.7071068 7.18423 6.959999 2.700001 -2.840012 0 -0.7071068 0 0.7071068 0 6.849998 2.700001 2.269989 0 -0.7071068 0 0.7071068 0 
6.959999 2.700001 -2.840012 0 -0.7071068 0 0.7071068 7.201065 6.959999 2.700001 -2.840012 0 -0.7071068 0 0.7071068 0 6.849998 2.700001 2.269989 0 -0.7071068 0 0.7071068 0 
6.959999 2.700001 -2.840012 0 -0.7071068 0 0.7071068 7.216697 6.959999 2.700001 -2.840012 0 -0.7071068 0 0.7071068 0 6.849998 2.700001 2.269989 0 -0.7071068 0 0.7071068 0 
6.959999 2.700001 -2.840012 0 -0.7071068 0 0.7071068 7.233909 6.959999 2.700001 -2.840012 0 -0.7071068 0 0.7071068 0 6.849998 2.700001 2.269989 0 -0.7071068 0 0.7071068 0 
6.959999 2.700001 -2.840012 0 -0.7071068 0 0.7071068 7.250972 6.959999 2.700001 -2.840012 0 -0.7071068 0 0.7071068 0 6.849998 2.700001 2.269989 0 -0.7071068 0 0.7071068 0 
6.959999 2.700001 -2.840012 0 -0.7071068 0 0.7071068 7.26788 6.959999 2.700001 -2.840012 0 -0.7071068 0 0.7071068 0 6.849998 2.700001 2.269989 0 -0.7071068 0 0.7071068 0 
6.959999 2.700001 -2.840012 0 -0.7071068 0 0.7071068 7.283918 6.959999 2.700001 -2.840012 0 -0.7071068 0 0.7071068 0 6.849998 2.700001 2.269989 0 -0.7071068 0 0.7071068 0 
6.959999 2.700001 -2.840012 0 -0.7071068 0 0.7071068 7.300021 6.959999 2.700001 -2.840012 0 -0.7071068 0 0.7071068 0 6.849998 2.700001 2.269989 0 -0.7071068 0 0.7071068 0 
6.959999 2.700001 -2.840012 0 -0.7071068 0 0.7071068 7.316244 6.959999 2.700001 -2.840012 0 -0.7071068 0 0.7071068 0 6.849998 2.700001 2.269989 0 -0.7071068 0 0.7071068 0 
6.959999 2.700001 -2.840012 0 -0.7071068 0 0.7071068 7.334685 6.959999 2.700001 -2.840012 0 -0.7071068 0 0.7071068 0 6.849998 2.700001 2.269989 0 -0.7071068 0 0.7071068 0 
6.959999 2.700001 -2.840012 0 -0.7071068 0 0.7071068 7.351701 6.959999 2.700001 -2.840012 0 -0.7071068 0 0.7071068 0 6.849998 2.700001 2.269989 0 -0.7071068 0 0.7071068 0 
6.959999 2.700001 -2.840012 0 -0.7071068 0 0.7071068 7.366636 6.959999 2.700001 -2.840012 0 -0.7071068 0 0.7071068 0 6.849998 2.700001 2.269989 0 -0.7071068 0 0.7071068 0 
6.959999 2.700001 -2.840012 0 -0.7071068 0 0.7071068 7.388322 6.959999 2.700001 -2.840012 0 -0.7071068 0 0.7071068 0 6.849998 2.700001 2.269989 0 -0.7071068 0 0.7071068 0 
6.959999 2.700001 -2.840012 0 -0.7071068 0 0.7071068 7.400488 6.959999 2.700001 -2.840012 0 -0.7071068 0 0.7071068 0 6.849998 2.700001 2.269989 0 -0.7071068 0 0.7071068 0 
6.959999 2.700001 -2.840012 0 -0.7071068 0 0.7071068 7.415554 6.959999 2.700001 -2.840012 0 -0.7071068 0 0.7071068 0 6.849998 2.700001 2.269989 0 -0.7071068 0 0.7071068 0 
6.959999 2.700001 -2.840012 0 -0.7071068 0 0.7071068 7.432636 6.959999 2.700001 -2.840012 0 -0.7071068 0 0.7071068 0 6.849998 2.700001 2.269989 0 -0.7071068 0 0.7071068 0 
6.959999 2.700001 -2.840012 0 -0.7071068 0 0.7071068 7.449342 6.959999 2.700001 -2.840012 0 -0.7071068 0 0.7071068 0 6.849998 2.700001 2.269989 0 -0.7071068 0 0.7071068 0 
6.959999 2.700001 -2.840012 0 -0.7071068 0 0.7071068 7.466183 6.959999 2.700001 -2.840012 0 -0.7071068 0 0.7071068 0 6.849998 2.700001 2.269989 0 -0.7071068 0 0.7071068 0 
6.959999 2.700001 -2.840012 0 -0.7071068 0 0.7071068 7.482416 6.959999 2.700001 -2.840012 0 -0.7071068 0 0.7071068 0 6.849998 2.700001 2.269989 0 -0.7071068 0 0.7071068 0 
6.959999 2.700001 -2.840012 0 -0.7071068 0 0.7071068 7.499194 6.959999 2.700001 -2.840012 0 -0.7071068 0 0.7071068 0 6.849998 2.700001 2.269989 0 -0.7071068 0 0.7071068 0 
6.959999 2.700001 -2.840012 0 -0.7071068 0 0.7071068 7.514944 6.959999 2.700001 -2.840012 0 -0.7071068 0 0.7071068 0 6.849998 2.700001 2.269989 0 -0.7071068 0 0.7071068 0 
6.959999 2.700001 -2.840012 0 -0.7071068 0 0.7071068 7.532175 6.959999 2.700001 -2.840012 0 -0.7071068 0 0.7071068 0 6.849998 2.700001 2.269989 0 -0.7071068 0 0.7071068 0 
6.959999 2.700001 -2.840012 0 -0.7071068 0 0.7071068 7.548578 6.959999 2.700001 -2.840012 0 -0.7071068 0 0.7071068 0 6.849998 2.700001 2.269989 0 -0.7071068 0 0.7071068 0 
6.959999 2.700001 -2.840012 0 -0.7071068 0 0.7071068 7.565131 6.959999 2.700001 -2.840012 0 -0.7071068 0 0.7071068 0 6.849998 2.700001 2.269989 0 -0.7071068 0 0.7071068 0 
6.959999 2.700001 -2.840012 0 -0.7071068 0 0.7071068 7.581979 6.959999 2.700001 -2.840012 0 -0.7071068 0 0.7071068 0 6.849998 2.700001 2.269989 0 -0.7071068 0 0.7071068 0 
6.959999 2.700001 -2.840012 0 -0.7071068 0 0.7071068 7.598362 6.959999 2.700001 -2.840012 0 -0.7071068 0 0.7071068 0 6.849998 2.700001 2.269989 0 -0.7071068 0 0.7071068 0 
6.959999 2.700001 -2.840012 0 -0.7071068 0 0.7071068 7.614496 6.959999 2.700001 -2.840012 0 -0.7071068 0 0.7071068 0 6.849998 2.700001 2.269989 0 -0.7071068 0 0.7071068 0 
6.959999 2.700001 -2.840012 0 -0.7071068 0 0.7071068 7.631331 6.959999 2.700001 -2.840012 0 -0.7071068 0 0.7071068 0 6.849998 2.700001 2.269989 0 -0.7071068 0 0.7071068 0 
6.959999 2.700001 -2.840012 0 -0.7071068 0 0.7071068 7.647843 6.959999 2.700001 -2.840012 0 -0.7071068 0 0.7071068 0 6.849998 2.700001 2.269989 0 -0.7071068 0 0.7071068 0 
6.959999 2.700001 -2.840012 0 -0.7071068 0 0.7071068 7.664796 6.959999 2.700001 -2.840012 0 -0.7071068 0 0.7071068 0 6.849998 2.700001 2.269989 0 -0.7071068 0 0.7071068 0 
6.959999 2.700001 -2.840012 0 -0.7071068 0 0.7071068 7.68173 6.959999 2.700001 -2.840012 0 -0.7071068 0 0.7071068 0 6.849998 2.700001 2.269989 0 -0.7071068 0 0.7071068 0 
6.959999 2.700001 -2.840012 0 -0.7071068 0 0.7071068 7.69723 6.959999 2.700001 -2.840012 0 -0.7071068 0 0.7071068 0 6.849998 2.700001 2.269989 0 -0.7071068 0 0.7071068 0 
6.959999 2.700001 -2.840012 0 -0.7071068 0 0.7071068 7.714705 6.959999 2.700001 -2.840012 0 -0.7071068 0 0.7071068 0 6.849998 2.700001 2.269989 0 -0.7071068 0 0.7071068 0 
6.959999 2.700001 -2.840012 0 -0.7071068 0 0.7071068 7.730762 6.959999 2.700001 -2.840012 0 -0.7071068 0 0.7071068 0 6.849998 2.700001 2.269989 0 -0.7071068 0 0.7071068 0 
6.959999 2.700001 -2.840012 0 -0.7071068 0 0.7071068 7.747396 6.959999 2.700001 -2.840012 0 -0.7071068 0 0.7071068 0 6.849998 2.700001 2.269989 0 -0.7071068 0 0.7071068 0 
6.959999 2.700001 -2.840012 0 -0.7071068 0 0.7071068 7.763991 6.959999 2.700001 -2.840012 0 -0.7071068 0 0.7071068 0 6.849998 2.700001 2.269989 0 -0.7071068 0 0.7071068 0 
6.959999 2.700001 -2.840012 0 -0.7071068 0 0.7071068 7.78075 6.959999 2.700001 -2.840012 0 -0.7071068 0 0.7071068 0 6.849998 2.700001 2.269989 0 -0.7071068 0 0.7071068 0 
6.959999 2.700001 -2.840012 0 -0.7071068 0 0.7071068 7.797138 6.959999 2.700001 -2.840012 0 -0.7071068 0 0.7071068 0 6.849998 2.700001 2.269989 0 -0.7071068 0 0.7071068 0 
6.959999 2.700001 -2.840012 0 -0.7071068 0 0.7071068 7.813618 6.959999 2.700001 -2.840012 0 -0.7071068 0 0.7071068 0 6.849998 2.700001 2.269989 0 -0.7071068 0 0.7071068 0 
6.959999 2.700001 -2.840012 0 -0.7071068 0 0.7071068 7.830537 6.959999 2.700001 -2.840012 0 -0.7071068 0 0.7071068 0 6.849998 2.700001 2.269989 0 -0.7071068 0 0.7071068 0 
6.959999 2.700001 -2.840012 0 -0.7071068 0 0.7071068 7.846762 6.959999 2.700001 -2.840012 0 -0.7071068 0 0.7071068 0 6.849998 2.700001 2.269989 0 -0.7071068 0 0.7071068 0 
6.959999 2.700001 -2.840012 0 -0.7071068 0 0.7071068 7.863641 6.959999 2.700001 -2.840012 0 -0.7071068 0 0.7071068 0 6.849998 2.700001 2.269989 0 -0.7071068 0 0.7071068 0 
6.959999 2.700001 -2.840012 0 -0.7071068 0 0.7071068 7.879944 6.959999 2.700001 -2.840012 0 -0.7071068 0 0.7071068 0 6.849998 2.700001 2.269989 0 -0.7071068 0 0.7071068 0 
6.959999 2.700001 -2.840012 0 -0.7071068 0 0.7071068 7.896047 6.959999 2.700001 -2.840012 0 -0.7071068 0 0.7071068 0 6.849998 2.700001 2.269989 0 -0.7071068 0 0.7071068 0 
6.959999 2.700001 -2.840012 0 -0.7071068 0 0.7071068 7.913534 6.959999 2.700001 -2.840012 0 -0.7071068 0 0.7071068 0 6.849998 2.700001 2.269989 0 -0.7071068 0 0.7071068 0 
6.959999 2.700001 -2.840012 0 -0.7071068 0 0.7071068 7.929568 6.959999 2.700001 -2.840012 0 -0.7071068 0 0.7071068 0 6.849998 2.700001 2.269989 0 -0.7071068 0 0.7071068 0 
6.959999 2.700001 -2.840012 0 -0.7071068 0 0.7071068 7.946333 6.959999 2.700001 -2.840012 0 -0.7071068 0 0.7071068 0 6.849998 2.700001 2.269989 0 -0.7071068 0 0.7071068 0 
6.959999 2.700001 -2.840012 0 -0.7071068 0 0.7071068 7.962739 6.959999 2.700001 -2.840012 0 -0.7071068 0 0.7071068 0 6.849998 2.700001 2.269989 0 -0.7071068 0 0.7071068 0 
6.959999 2.700001 -2.840012 0 -0.7071068 0 0.7071068 7.979413 6.959999 2.700001 -2.840012 0 -0.7071068 0 0.7071068 0 6.849998 2.700001 2.269989 0 -0.7071068 0 0.7071068 0 
6.959999 2.700001 -2.840012 0 -0.7071068 0 0.7071068 7.995721 6.959999 2.700001 -2.840012 0 -0.7071068 0 0.7071068 0 6.849998 2.700001 2.269989 0 -0.7071068 0 0.7071068 0 
6.959999 2.700001 -2.840012 0 -0.7071068 0 0.7071068 8.012413 6.959999 2.700001 -2.840012 0 -0.7071068 0 0.7071068 0 6.849998 2.700001 2.269989 0 -0.7071068 0 0.7071068 0 
6.959999 2.700001 -2.840012 0 -0.7071068 0 0.7071068 8.029232 6.959999 2.700001 -2.840012 0 -0.7071068 0 0.7071068 0 6.849998 2.700001 2.269989 0 -0.7071068 0 0.7071068 0 
6.959999 2.700001 -2.840012 0 -0.7071068 0 0.7071068 8.045609 6.959999 2.700001 -2.840012 0 -0.7071068 0 0.7071068 0 6.849998 2.700001 2.269989 0 -0.7071068 0 0.7071068 0 
6.959999 2.700001 -2.840012 0 -0.7071068 0 0.7071068 8.062098 6.959999 2.700001 -2.840012 0 -0.7071068 0 0.7071068 0 6.849998 2.700001 2.269989 0 -0.7071068 0 0.7071068 0 
6.959999 2.700001 -2.840012 0 -0.7071068 0 0.7071068 8.079091 6.959999 2.700001 -2.840012 0 -0.7071068 0 0.7071068 0 6.849998 2.700001 2.269989 0 -0.7071068 0 0.7071068 0 
6.959999 2.700001 -2.840012 0 -0.7071068 0 0.7071068 8.094774 6.959999 2.700001 -2.840012 0 -0.7071068 0 0.7071068 0 6.849998 2.700001 2.269989 0 -0.7071068 0 0.7071068 0 
6.959999 2.700001 -2.840012 0 -0.7071068 0 0.7071068 8.111935 6.959999 2.700001 -2.840012 0 -0.7071068 0 0.7071068 0 6.849998 2.700001 2.269989 0 -0.7071068 0 0.7071068 0 
6.959999 2.700001 -2.840012 0 -0.7071068 0 0.7071068 8.128362 6.959999 2.700001 -2.840012 0 -0.7071068 0 0.7071068 0 6.849998 2.700001 2.269989 0 -0.7071068 0 0.7071068 0 
6.959999 2.700001 -2.840012 0 -0.7071068 0 0.7071068 8.145005 6.959999 2.700001 -2.840012 0 -0.7071068 0 0.7071068 0 6.849998 2.700001 2.269989 0 -0.7071068 0 0.7071068 0 
6.959999 2.700001 -2.840012 0 -0.7071068 0 0.7071068 8.161885 6.959999 2.700001 -2.840012 0 -0.7071068 0 0.7071068 0 6.849998 2.700001 2.269989 0 -0.7071068 0 0.7071068 0 
6.959999 2.700001 -2.840012 0 -0.7071068 0 0.7071068 8.178101 6.959999 2.700001 -2.840012 0 -0.7071068 0 0.7071068 0 6.849998 2.700001 2.269989 0 -0.7071068 0 0.7071068 0 
6.959999 2.700001 -2.840012 0 -0.7071068 0 0.7071068 8.194247 6.959999 2.700001 -2.840012 0 -0.7071068 0 0.7071068 0 6.849998 2.700001 2.269989 0 -0.7071068 0 0.7071068 0 
6.959999 2.700001 -2.840012 0 -0.7071068 0 0.7071068 8.211221 6.959999 2.700001 -2.840012 0 -0.7071068 0 0.7071068 0 6.849998 2.700001 2.269989 0 -0.7071068 0 0.7071068 0 
6.959999 2.700001 -2.840012 0 -0.7071068 0 0.7071068 8.22781 6.959999 2.700001 -2.840012 0 -0.7071068 0 0.7071068 0 6.849998 2.700001 2.269989 0 -0.7071068 0 0.7071068 0 
6.959999 2.700001 -2.840012 0 -0.7071068 0 0.7071068 8.244683 6.959999 2.700001 -2.840012 0 -0.7071068 0 0.7071068 0 6.849998 2.700001 2.269989 0 -0.7071068 0 0.7071068 0 
6.959999 2.700001 -2.840012 0 -0.7071068 0 0.7071068 8.260931 6.959999 2.700001 -2.840012 0 -0.7071068 0 0.7071068 0 6.849998 2.700001 2.269989 0 -0.7071068 0 0.7071068 0 
6.959999 2.700001 -2.840012 0 -0.7071068 0 0.7071068 8.277059 6.959999 2.700001 -2.840012 0 -0.7071068 0 0.7071068 0 6.849998 2.700001 2.269989 0 -0.7071068 0 0.7071068 0 
6.959999 2.700001 -2.840012 0 -0.7071068 0 0.7071068 8.294911 6.959999 2.700001 -2.840012 0 -0.7071068 0 0.7071068 0 6.849998 2.700001 2.269989 0 -0.7071068 0 0.7071068 0 
6.959999 2.700001 -2.840012 0 -0.7071068 0 0.7071068 8.310663 6.959999 2.700001 -2.840012 0 -0.7071068 0 0.7071068 0 6.849998 2.700001 2.269989 0 -0.7071068 0 0.7071068 0 
6.959999 2.700001 -2.840012 0 -0.7071068 0 0.7071068 8.327286 6.959999 2.700001 -2.840012 0 -0.7071068 0 0.7071068 0 6.849998 2.700001 2.269989 0 -0.7071068 0 0.7071068 0 
6.959999 2.700001 -2.840012 0 -0.7071068 0 0.7071068 8.343792 6.959999 2.700001 -2.840012 0 -0.7071068 0 0.7071068 0 6.849998 2.700001 2.269989 0 -0.7071068 0 0.7071068 0 
6.959999 2.700001 -2.840012 0 -0.7071068 0 0.7071068 8.360262 6.959999 2.700001 -2.840012 0 -0.7071068 0 0.7071068 0 6.849998 2.700001 2.269989 0 -0.7071068 0 0.7071068 0 
6.959999 2.700001 -2.840012 0 -0.7071068 0 0.7071068 8.376815 6.959999 2.700001 -2.840012 0 -0.7071068 0 0.7071068 0 6.849998 2.700001 2.269989 0 -0.7071068 0 0.7071068 0 
6.959999 2.700001 -2.840012 0 -0.7071068 0 0.7071068 8.393467 6.959999 2.700001 -2.840012 0 -0.7071068 0 0.7071068 0 6.849998 2.700001 2.269989 0 -0.7071068 0 0.7071068 0 
6.959999 2.700001 -2.840012 0 -0.7071068 0 0.7071068 8.410216 6.959999 2.700001 -2.840012 0 -0.7071068 0 0.7071068 0 6.849998 2.700001 2.269989 0 -0.7071068 0 0.7071068 0 
6.959999 2.700001 -2.840012 0 -0.7071068 0 0.7071068 8.426609 6.959999 2.700001 -2.840012 0 -0.7071068 0 0.7071068 0 6.849998 2.700001 2.269989 0 -0.7071068 0 0.7071068 0 
6.959999 2.700001 -2.840012 0 -0.7071068 0 0.7071068 8.443416 6.959999 2.700001 -2.840012 0 -0.7071068 0 0.7071068 0 6.849998 2.700001 2.269989 0 -0.7071068 0 0.7071068 0 
6.959999 2.700001 -2.840012 0 -0.7071068 0 0.7071068 8.460245 6.959999 2.700001 -2.840012 0 -0.7071068 0 0.7071068 0 6.849998 2.700001 2.269989 0 -0.7071068 0 0.7071068 0 
6.959999 2.700001 -2.840012 0 -0.7071068 0 0.7071068 8.475769 6.959999 2.700001 -2.840012 0 -0.7071068 0 0.7071068 0 6.849998 2.700001 2.269989 0 -0.7071068 0 0.7071068 0 
6.959999 2.700001 -2.840012 0 -0.7071068 0 0.7071068 8.492951 6.959999 2.700001 -2.840012 0 -0.7071068 0 0.7071068 0 6.849998 2.700001 2.269989 0 -0.7071068 0 0.7071068 0 
6.959999 2.700001 -2.840012 0 -0.7071068 0 0.7071068 8.509409 6.959999 2.700001 -2.840012 0 -0.7071068 0 0.7071068 0 6.849998 2.700001 2.269989 0 -0.7071068 0 0.7071068 0 
6.959999 2.700001 -2.840012 0 -0.7071068 0 0.7071068 8.526459 6.959999 2.700001 -2.840012 0 -0.7071068 0 0.7071068 0 6.849998 2.700001 2.269989 0 -0.7071068 0 0.7071068 0 
6.959999 2.700001 -2.840012 0 -0.7071068 0 0.7071068 8.54336 6.959999 2.700001 -2.840012 0 -0.7071068 0 0.7071068 0 6.849998 2.700001 2.269989 0 -0.7071068 0 0.7071068 0 
6.959999 2.700001 -2.840012 0 -0.7071068 0 0.7071068 8.559164 6.959999 2.700001 -2.840012 0 -0.7071068 0 0.7071068 0 6.849998 2.700001 2.269989 0 -0.7071068 0 0.7071068 0 
6.959999 2.700001 -2.840012 0 -0.7071068 0 0.7071068 8.575211 6.959999 2.700001 -2.840012 0 -0.7071068 0 0.7071068 0 6.849998 2.700001 2.269989 0 -0.7071068 0 0.7071068 0 
6.959999 2.700001 -2.840012 0 -0.7071068 0 0.7071068 8.593287 6.959999 2.700001 -2.840012 0 -0.7071068 0 0.7071068 0 6.849998 2.700001 2.269989 0 -0.7071068 0 0.7071068 0 
6.959999 2.700001 -2.840012 0 -0.7071068 0 0.7071068 8.609149 6.959999 2.700001 -2.840012 0 -0.7071068 0 0.7071068 0 6.849998 2.700001 2.269989 0 -0.7071068 0 0.7071068 0 
6.959999 2.700001 -2.840012 0 -0.7071068 0 0.7071068 8.625395 6.959999 2.700001 -2.840012 0 -0.7071068 0 0.7071068 0 6.849998 2.700001 2.269989 0 -0.7071068 0 0.7071068 0 
6.959999 2.700001 -2.840012 0 -0.7071068 0 0.7071068 8.642122 6.959999 2.700001 -2.840012 0 -0.7071068 0 0.7071068 0 6.849998 2.700001 2.269989 0 -0.7071068 0 0.7071068 0 
6.959999 2.700001 -2.840012 0 -0.7071068 0 0.7071068 8.6589 6.959999 2.700001 -2.840012 0 -0.7071068 0 0.7071068 0 6.849998 2.700001 2.269989 0 -0.7071068 0 0.7071068 0 
6.959999 2.700001 -2.840012 0 -0.7071068 0 0.7071068 8.674721 6.959999 2.700001 -2.840012 0 -0.7071068 0 0.7071068 0 6.849998 2.700001 2.269989 0 -0.7071068 0 0.7071068 0 
6.959999 2.700001 -2.840012 0 -0.7071068 0 0.7071068 8.691662 6.959999 2.700001 -2.840012 0 -0.7071068 0 0.7071068 0 6.849998 2.700001 2.269989 0 -0.7071068 0 0.7071068 0 
6.959999 2.700001 -2.840012 0 -0.7071068 0 0.7071068 8.70911 6.959999 2.700001 -2.840012 0 -0.7071068 0 0.7071068 0 6.849998 2.700001 2.269989 0 -0.7071068 0 0.7071068 0 
6.959999 2.700001 -2.840012 0 -0.7071068 0 0.7071068 8.725011 6.959999 2.700001 -2.840012 0 -0.7071068 0 0.7071068 0 6.849998 2.700001 2.269989 0 -0.7071068 0 0.7071068 0 
6.959999 2.700001 -2.840012 0 -0.7071068 0 0.7071068 8.741275 6.959999 2.700001 -2.840012 0 -0.7071068 0 0.7071068 0 6.849998 2.700001 2.269989 0 -0.7071068 0 0.7071068 0 
6.959999 2.700001 -2.840012 0 -0.7071068 0 0.7071068 8.757423 6.959999 2.700001 -2.840012 0 -0.7071068 0 0.7071068 0 6.849998 2.700001 2.269989 0 -0.7071068 0 0.7071068 0 
6.959999 2.700001 -2.840012 0 -0.7071068 0 0.7071068 8.774914 6.959999 2.700001 -2.840012 0 -0.7071068 0 0.7071068 0 6.849998 2.700001 2.269989 0 -0.7071068 0 0.7071068 0 
6.959999 2.700001 -2.840012 0 -0.7071068 0 0.7071068 8.79106 6.959999 2.700001 -2.840012 0 -0.7071068 0 0.7071068 0 6.849998 2.700001 2.269989 0 -0.7071068 0 0.7071068 0 
6.959999 2.700001 -2.840012 0 -0.7071068 0 0.7071068 8.807598 6.959999 2.700001 -2.840012 0 -0.7071068 0 0.7071068 0 6.849998 2.700001 2.269989 0 -0.7071068 0 0.7071068 0 
6.959999 2.700001 -2.840012 0 -0.7071068 0 0.7071068 8.826412 6.959999 2.700001 -2.840012 0 -0.7071068 0 0.7071068 0 6.849998 2.700001 2.269989 0 -0.7071068 0 0.7071068 0 
6.959999 2.700001 -2.840012 0 -0.7071068 0 0.7071068 8.840713 6.959999 2.700001 -2.840012 0 -0.7071068 0 0.7071068 0 6.849998 2.700001 2.269989 0 -0.7071068 0 0.7071068 0 
6.959999 2.700001 -2.840012 0 -0.7071068 0 0.7071068 8.858092 6.959999 2.700001 -2.840012 0 -0.7071068 0 0.7071068 0 6.849998 2.700001 2.269989 0 -0.7071068 0 0.7071068 0 
6.959999 2.700001 -2.840012 0 -0.7071068 0 0.7071068 8.873424 6.959999 2.700001 -2.840012 0 -0.7071068 0 0.7071068 0 6.849998 2.700001 2.269989 0 -0.7071068 0 0.7071068 0 
6.959999 2.700001 -2.840012 0 -0.7071068 0 0.7071068 8.891154 6.959999 2.700001 -2.840012 0 -0.7071068 0 0.7071068 0 6.849998 2.700001 2.269989 0 -0.7071068 0 0.7071068 0 
6.959999 2.700001 -2.840012 0 -0.7071068 0 0.7071068 8.907276 6.959999 2.700001 -2.840012 0 -0.7071068 0 0.7071068 0 6.849998 2.700001 2.269989 0 -0.7071068 0 0.7071068 0 
6.959999 2.700001 -2.840012 0 -0.7071068 0 0.7071068 8.923965 6.959999 2.700001 -2.840012 0 -0.7071068 0 0.7071068 0 6.849998 2.700001 2.269989 0 -0.7071068 0 0.7071068 0 
6.959999 2.700001 -2.840012 0 -0.7071068 0 0.7071068 8.941034 6.959999 2.700001 -2.840012 0 -0.7071068 0 0.7071068 0 6.849998 2.700001 2.269989 0 -0.7071068 0 0.7071068 0 
6.959999 2.700001 -2.840012 0 -0.7071068 0 0.7071068 8.956215 6.959999 2.700001 -2.840012 0 -0.7071068 0 0.7071068 0 6.849998 2.700001 2.269989 0 -0.7071068 0 0.7071068 0 
6.959999 2.700001 -2.840012 0 -0.7071068 0 0.7071068 8.973847 6.959999 2.700001 -2.840012 0 -0.7071068 0 0.7071068 0 6.849998 2.700001 2.269989 0 -0.7071068 0 0.7071068 0 
6.959999 2.700001 -2.840012 0 -0.7071068 0 0.7071068 8.990911 6.959999 2.700001 -2.840012 0 -0.7071068 0 0.7071068 0 6.849998 2.700001 2.269989 0 -0.7071068 0 0.7071068 0 
6.959999 2.700001 -2.840012 0 -0.7071068 0 0.7071068 9.006859 6.959999 2.700001 -2.840012 0 -0.7071068 0 0.7071068 0 6.849998 2.700001 2.269989 0 -0.7071068 0 0.7071068 0 
6.959999 2.700001 -2.840012 0 -0.7071068 0 0.7071068 9.023093 6.959999 2.700001 -2.840012 0 -0.7071068 0 0.7071068 0 6.849998 2.700001 2.269989 0 -0.7071068 0 0.7071068 0 
