1 2
6.959999 2.700001 -2.840012 0 -0.7071068 0 0.7071068 0 6.849998 2.700001 2.269989 0 -0.7071068 0 0.7071068 0 
6.959999 2.700001 -2.840012 0 -0.7071068 0 0.7071068 0 6.849998 2.700001 2.269989 0 -0.7071068 0 0.7071068 0 
6.959999 2.700001 -2.840012 0 -0.7071068 0 0.7071068 0 6.849998 2.700001 2.269989 0 -0.7071068 0 0.7071068 0 
6.959999 2.700001 -2.840012 0 -0.7071068 0 0.7071068 0 6.849998 2.700001 2.269989 0 -0.7071068 0 0.7071068 0 
6.959999 2.700001 -2.840012 0 -0.7071068 0 0.7071068 0 6.849998 2.700001 2.269989 0 -0.7071068 0 0.7071068 0 
6.959999 2.700001 -2.840012 0 -0.7071068 0 0.7071068 0 6.849998 2.700001 2.269989 0 -0.7071068 0 0.7071068 0 
6.959999 2.700001 -2.840012 0 -0.7071068 0 0.7071068 0 6.849998 2.700001 2.269989 0 -0.7071068 0 0.7071068 0 
6.959999 2.700001 -2.840012 0 -0.7071068 0 0.7071068 0 6.849998 2.700001 2.269989 0 -0.7071068 0 0.7071068 0 
6.959999 2.700001 -2.840012 0 -0.7071068 0 0.7071068 0 6.849998 2.700001 2.269989 0 -0.7071068 0 0.7071068 0 
6.959999 2.700001 -2.840012 0 -0.7071068 0 0.7071068 0 6.849998 2.700001 2.269989 0 -0.7071068 0 0.7071068 0 
6.959999 2.700001 -2.840012 0 -0.7071068 0 0.7071068 0 6.849998 2.700001 2.269989 0 -0.7071068 0 0.7071068 0 
6.959999 2.700001 -2.840012 0 -0.7071068 0 0.7071068 0 6.849998 2.700001 2.269989 0 -0.7071068 0 0.7071068 0 
6.959999 2.700001 -2.840012 0 -0.7071068 0 0.7071068 0 6.849998 2.700001 2.269989 0 -0.7071068 0 0.7071068 0 
6.959999 2.700001 -2.840012 0 -0.7071068 0 0.7071068 0 6.849998 2.700001 2.269989 0 -0.7071068 0 0.7071068 0 
6.959999 2.700001 -2.840012 0 -0.7071068 0 0.7071068 0 6.849998 2.700001 2.269989 0 -0.7071068 0 0.7071068 0 
6.959999 2.700001 -2.840012 0 -0.7071068 0 0.7071068 0 6.849998 2.700001 2.269989 0 -0.7071068 0 0.7071068 0 
6.959999 2.700001 -2.840012 0 -0.7071068 0 0.7071068 0 6.849998 2.700001 2.269989 0 -0.7071068 0 0.7071068 0 
6.959999 2.700001 -2.840012 0 -0.7071068 0 0.7071068 0 6.849998 2.700001 2.269989 0 -0.7071068 0 0.7071068 0 
6.959999 2.700001 -2.840012 0 -0.7071068 0 0.7071068 0 6.849998 2.700001 2.269989 0 -0.7071068 0 0.7071068 0 
6.959999 2.700001 -2.840012 0 -0.7071068 0 0.7071068 0 6.849998 2.700001 2.269989 0 -0.7071068 0 0.7071068 0 
6.959999 2.700001 -2.840012 0 -0.7071068 0 0.7071068 0 6.849998 2.700001 2.269989 0 -0.7071068 0 0.7071068 0 
6.959999 2.700001 -2.840012 0 -0.7071068 0 0.7071068 0 6.849998 2.700001 2.269989 0 -0.7071068 0 0.7071068 0 
6.959999 2.700001 -2.840012 0 -0.7071068 0 0.7071068 0 6.849998 2.700001 2.269989 0 -0.7071068 0 0.7071068 0 
6.959999 2.700001 -2.840012 0 -0.7071068 0 0.7071068 0 6.849998 2.700001 2.269989 0 -0.7071068 0 0.7071068 0 
6.959999 2.700001 -2.840012 0 -0.7071068 0 0.7071068 0 6.849998 2.700001 2.269989 0 -0.7071068 0 0.7071068 0 
6.959999 2.700001 -2.840012 0 -0.7071068 0 0.7071068 0 6.849998 2.700001 2.269989 0 -0.7071068 0 0.7071068 0 
6.959999 2.700001 -2.840012 0 -0.7071068 0 0.7071068 0 6.849998 2.700001 2.269989 0 -0.7071068 0 0.7071068 0 
6.959999 2.700001 -2.840012 0 -0.7071068 0 0.7071068 0 6.849998 2.700001 2.269989 0 -0.7071068 0 0.7071068 0 
6.959999 2.700001 -2.840012 0 -0.7071068 0 0.7071068 0 6.849998 2.700001 2.269989 0 -0.7071068 0 0.7071068 0 
6.959999 2.700001 -2.840012 0 -0.7071068 0 0.7071068 0 6.849998 2.700001 2.269989 0 -0.7071068 0 0.7071068 0 
6.959999 2.700001 -2.840012 0 -0.7071068 0 0.7071068 0 6.849998 2.700001 2.269989 0 -0.7071068 0 0.7071068 0 
6.959999 2.700001 -2.840012 0 -0.7071068 0 0.7071068 0 6.849998 2.700001 2.269989 0 -0.7071068 0 0.7071068 0 
6.959999 2.700001 -2.840012 0 -0.7071068 0 0.7071068 0 6.849998 2.700001 2.269989 0 -0.7071068 0 0.7071068 0 
6.959999 2.700001 -2.840012 0 -0.7071068 0 0.7071068 0 6.849998 2.700001 2.269989 0 -0.7071068 0 0.7071068 0 
6.959999 2.700001 -2.840012 0 -0.7071068 0 0.7071068 0 6.849998 2.700001 2.269989 0 -0.7071068 0 0.7071068 0 
6.959999 2.700001 -2.840012 0 -0.7071068 0 0.7071068 0 6.849998 2.700001 2.269989 0 -0.7071068 0 0.7071068 0 
6.959999 2.700001 -2.840012 0 -0.7071068 0 0.7071068 0 6.849998 2.700001 2.269989 0 -0.7071068 0 0.7071068 0 
6.959999 2.700001 -2.840012 0 -0.7071068 0 0.7071068 0 6.849998 2.700001 2.269989 0 -0.7071068 0 0.7071068 0 
6.959999 2.700001 -2.840012 0 -0.7071068 0 0.7071068 0 6.849998 2.700001 2.269989 0 -0.7071068 0 0.7071068 0 
6.959999 2.700001 -2.840012 0 -0.7071068 0 0.7071068 0 6.849998 2.700001 2.269989 0 -0.7071068 0 0.7071068 0 
6.959999 2.700001 -2.840012 0 -0.7071068 0 0.7071068 0 6.849998 2.700001 2.269989 0 -0.7071068 0 0.7071068 0 
6.959999 2.700001 -2.840012 0 -0.7071068 0 0.7071068 0 6.849998 2.700001 2.269989 0 -0.7071068 0 0.7071068 0 
6.959999 2.700001 -2.840012 0 -0.7071068 0 0.7071068 0 6.849998 2.700001 2.269989 0 -0.7071068 0 0.7071068 0 
6.959999 2.700001 -2.840012 0 -0.7071068 0 0.7071068 0 6.849998 2.700001 2.269989 0 -0.7071068 0 0.7071068 0 
6.959999 2.700001 -2.840012 0 -0.7071068 0 0.7071068 0 6.849998 2.700001 2.269989 0 -0.7071068 0 0.7071068 0 
6.959999 2.700001 -2.840012 0 -0.7071068 0 0.7071068 0 6.849998 2.700001 2.269989 0 -0.7071068 0 0.7071068 0 
6.959999 2.700001 -2.840012 0 -0.7071068 0 0.7071068 0 6.849998 2.700001 2.269989 0 -0.7071068 0 0.7071068 0 
6.959999 2.700001 -2.840012 0 -0.7071068 0 0.7071068 0 6.849998 2.700001 2.269989 0 -0.7071068 0 0.7071068 0 
6.959999 2.700001 -2.840012 0 -0.7071068 0 0.7071068 0 6.849998 2.700001 2.269989 0 -0.7071068 0 0.7071068 0 
6.959999 2.700001 -2.840012 0 -0.7071068 0 0.7071068 0 6.849998 2.700001 2.269989 0 -0.7071068 0 0.7071068 0 
6.959999 2.700001 -2.840012 0 -0.7071068 0 0.7071068 0 6.849998 2.700001 2.269989 0 -0.7071068 0 0.7071068 0 
6.959999 2.700001 -2.840012 0 -0.7071068 0 0.7071068 0 6.849998 2.700001 2.269989 0 -0.7071068 0 0.7071068 0 
6.959999 2.700001 -2.840012 0 -0.7071068 0 0.7071068 0 6.849998 2.700001 2.269989 0 -0.7071068 0 0.7071068 0 
6.959999 2.700001 -2.840012 0 -0.7071068 0 0.7071068 0 6.849998 2.700001 2.269989 0 -0.7071068 0 0.7071068 0 
6.959999 2.700001 -2.840012 0 -0.7071068 0 0.7071068 0 6.849998 2.700001 2.269989 0 -0.7071068 0 0.7071068 0 
6.959999 2.700001 -2.840012 0 -0.7071068 0 0.7071068 0 6.849998 2.700001 2.269989 0 -0.7071068 0 0.7071068 0 
6.959999 2.700001 -2.840012 0 -0.7071068 0 0.7071068 0 6.849998 2.700001 2.269989 0 -0.7071068 0 0.7071068 0 
6.959999 2.700001 -2.840012 0 -0.7071068 0 0.7071068 0 6.849998 2.700001 2.269989 0 -0.7071068 0 0.7071068 0 
6.959999 2.700001 -2.840012 0 -0.7071068 0 0.7071068 0 6.849998 2.700001 2.269989 0 -0.7071068 0 0.7071068 0 
6.959999 2.700001 -2.840012 0 -0.7071068 0 0.7071068 0 6.849998 2.700001 2.269989 0 -0.7071068 0 0.7071068 0 
6.959999 2.700001 -2.840012 0 -0.7071068 0 0.7071068 0 6.849998 2.700001 2.269989 0 -0.7071068 0 0.7071068 0 
6.959999 2.700001 -2.840012 0 -0.7071068 0 0.7071068 0 6.849998 2.700001 2.269989 0 -0.7071068 0 0.7071068 0 
6.959999 2.700001 -2.840012 0 -0.7071068 0 0.7071068 0 6.849998 2.700001 2.269989 0 -0.7071068 0 0.7071068 0 
6.959999 2.700001 -2.840012 0 -0.7071068 0 0.7071068 0 6.849998 2.700001 2.269989 0 -0.7071068 0 0.7071068 0 
6.959999 2.700001 -2.840012 0 -0.7071068 0 0.7071068 0 6.849998 2.700001 2.269989 0 -0.7071068 0 0.7071068 0 
6.959999 2.700001 -2.840012 0 -0.7071068 0 0.7071068 0 6.849998 2.700001 2.269989 0 -0.7071068 0 0.7071068 0 
6.959999 2.700001 -2.840012 0 -0.7071068 0 0.7071068 0 6.849998 2.700001 2.269989 0 -0.7071068 0 0.7071068 0 
6.959999 2.700001 -2.840012 0 -0.7071068 0 0.7071068 0 6.849998 2.700001 2.269989 0 -0.7071068 0 0.7071068 0 
6.959999 2.700001 -2.840012 0 -0.7071068 0 0.7071068 0 6.849998 2.700001 2.269989 0 -0.7071068 0 0.7071068 0 
6.959999 2.700001 -2.840012 0 -0.7071068 0 0.7071068 0 6.849998 2.700001 2.269989 0 -0.7071068 0 0.7071068 0 
6.959999 2.700001 -2.840012 0 -0.7071068 0 0.7071068 0 6.849998 2.700001 2.269989 0 -0.7071068 0 0.7071068 0 
6.959999 2.700001 -2.840012 0 -0.7071068 0 0.7071068 0 6.849998 2.700001 2.269989 0 -0.7071068 0 0.7071068 0 
6.959999 2.700001 -2.840012 0 -0.7071068 0 0.7071068 0 6.849998 2.700001 2.269989 0 -0.7071068 0 0.7071068 0 
6.959999 2.700001 -2.840012 0 -0.7071068 0 0.7071068 0 6.849998 2.700001 2.269989 0 -0.7071068 0 0.7071068 0 
6.959999 2.700001 -2.840012 0 -0.7071068 0 0.7071068 0 6.849998 2.700001 2.269989 0 -0.7071068 0 0.7071068 0 
6.959999 2.700001 -2.840012 0 -0.7071068 0 0.7071068 0 6.849998 2.700001 2.269989 0 -0.7071068 0 0.7071068 0 
6.959999 2.700001 -2.840012 0 -0.7071068 0 0.7071068 0 6.849998 2.700001 2.269989 0 -0.7071068 0 0.7071068 0 
6.959999 2.700001 -2.840012 0 -0.7071068 0 0.7071068 0 6.849998 2.700001 2.269989 0 -0.7071068 0 0.7071068 0 
6.959999 2.700001 -2.840012 0 -0.7071068 0 0.7071068 0 6.849998 2.700001 2.269989 0 -0.7071068 0 0.7071068 0 
6.959999 2.700001 -2.840012 0 -0.7071068 0 0.7071068 0 6.849998 2.700001 2.269989 0 -0.7071068 0 0.7071068 0 
6.959999 2.700001 -2.840012 0 -0.7071068 0 0.7071068 0 6.849998 2.700001 2.269989 0 -0.7071068 0 0.7071068 0 
6.959999 2.700001 -2.840012 0 -0.7071068 0 0.7071068 0 6.849998 2.700001 2.269989 0 -0.7071068 0 0.7071068 0 
6.959999 2.700001 -2.840012 0 -0.7071068 0 0.7071068 0 6.849998 2.700001 2.269989 0 -0.7071068 0 0.7071068 0 
6.959999 2.700001 -2.840012 0 -0.7071068 0 0.7071068 0 6.849998 2.700001 2.269989 0 -0.7071068 0 0.7071068 0 
6.959999 2.700001 -2.840012 0 -0.7071068 0 0.7071068 0 6.849998 2.700001 2.269989 0 -0.7071068 0 0.7071068 0 
6.959999 2.700001 -2.840012 0 -0.7071068 0 0.7071068 0 6.849998 2.700001 2.269989 0 -0.7071068 0 0.7071068 0 
6.959999 2.700001 -2.840012 0 -0.7071068 0 0.7071068 0 6.849998 2.700001 2.269989 0 -0.7071068 0 0.7071068 0 
6.959999 2.700001 -2.840012 0 -0.7071068 0 0.7071068 0 6.849998 2.700001 2.269989 0 -0.7071068 0 0.7071068 0 
6.959999 2.700001 -2.840012 0 -0.7071068 0 0.7071068 0 6.849998 2.700001 2.269989 0 -0.7071068 0 0.7071068 0 
6.959999 2.700001 -2.840012 0 -0.7071068 0 0.7071068 0 6.849998 2.700001 2.269989 0 -0.7071068 0 0.7071068 0 
6.959999 2.700001 -2.840012 0 -0.7071068 0 0.7071068 0 6.849998 2.700001 2.269989 0 -0.7071068 0 0.7071068 0 
6.959999 2.700001 -2.840012 0 -0.7071068 0 0.7071068 0 6.849998 2.700001 2.269989 0 -0.7071068 0 0.7071068 0 
6.959999 2.700001 -2.840012 0 -0.7071068 0 0.7071068 0 6.849998 2.700001 2.269989 0 -0.7071068 0 0.7071068 0 
6.959999 2.700001 -2.840012 0 -0.7071068 0 0.7071068 0 6.849998 2.700001 2.269989 0 -0.7071068 0 0.7071068 0 
6.959999 2.700001 -2.840012 0 -0.7071068 0 0.7071068 0 6.849998 2.700001 2.269989 0 -0.7071068 0 0.7071068 0 
6.959999 2.700001 -2.840012 0 -0.7071068 0 0.7071068 0 6.849998 2.700001 2.269989 0 -0.7071068 0 0.7071068 0 
6.959999 2.700001 -2.840012 0 -0.7071068 0 0.7071068 0 6.849998 2.700001 2.269989 0 -0.7071068 0 0.7071068 0 
6.959999 2.700001 -2.840012 0 -0.7071068 0 0.7071068 0 6.849998 2.700001 2.269989 0 -0.7071068 0 0.7071068 0 
6.959999 2.700001 -2.840012 0 -0.7071068 0 0.7071068 0 6.849998 2.700001 2.269989 0 -0.7071068 0 0.7071068 0 
6.959999 2.700001 -2.840012 0 -0.7071068 0 0.7071068 0 6.849998 2.700001 2.269989 0 -0.7071068 0 0.7071068 0 
6.959999 2.700001 -2.840012 0 -0.7071068 0 0.7071068 0 6.849998 2.700001 2.269989 0 -0.7071068 0 0.7071068 0 
6.959999 2.700001 -2.840012 0 -0.7071068 0 0.7071068 0 6.849998 2.700001 2.269989 0 -0.7071068 0 0.7071068 0 
6.959999 2.700001 -2.840012 0 -0.7071068 0 0.7071068 0 6.849998 2.700001 2.269989 0 -0.7071068 0 0.7071068 0 
6.959999 2.700001 -2.840012 0 -0.7071068 0 0.7071068 0 6.849998 2.700001 2.269989 0 -0.7071068 0 0.7071068 0 
6.959999 2.700001 -2.840012 0 -0.7071068 0 0.7071068 0 6.849998 2.700001 2.269989 0 -0.7071068 0 0.7071068 0 
6.959999 2.700001 -2.840012 0 -0.7071068 0 0.7071068 0 6.849998 2.700001 2.269989 0 -0.7071068 0 0.7071068 0 
6.959999 2.700001 -2.840012 0 -0.7071068 0 0.7071068 0 6.849998 2.700001 2.269989 0 -0.7071068 0 0.7071068 0 
6.959999 2.700001 -2.840012 0 -0.7071068 0 0.7071068 0 6.849998 2.700001 2.269989 0 -0.7071068 0 0.7071068 0 
6.959999 2.700001 -2.840012 0 -0.7071068 0 0.7071068 0 6.849998 2.700001 2.269989 0 -0.7071068 0 0.7071068 0 
6.959999 2.700001 -2.840012 0 -0.7071068 0 0.7071068 0 6.849998 2.700001 2.269989 0 -0.7071068 0 0.7071068 0 
6.959999 2.700001 -2.840012 0 -0.7071068 0 0.7071068 0 6.849998 2.700001 2.269989 0 -0.7071068 0 0.7071068 0 
6.959999 2.700001 -2.840012 0 -0.7071068 0 0.7071068 0 6.849998 2.700001 2.269989 0 -0.7071068 0 0.7071068 0 
6.959999 2.700001 -2.840012 0 -0.7071068 0 0.7071068 0 6.849998 2.700001 2.269989 0 -0.7071068 0 0.7071068 0 
6.959999 2.700001 -2.840012 0 -0.7071068 0 0.7071068 0 6.849998 2.700001 2.269989 0 -0.7071068 0 0.7071068 0 
6.959999 2.700001 -2.840012 0 -0.7071068 0 0.7071068 0 6.849998 2.700001 2.269989 0 -0.7071068 0 0.7071068 0 
6.959999 2.700001 -2.840012 0 -0.7071068 0 0.7071068 0 6.849998 2.700001 2.269989 0 -0.7071068 0 0.7071068 0 
6.959999 2.700001 -2.840012 0 -0.7071068 0 0.7071068 0 6.849998 2.700001 2.269989 0 -0.7071068 0 0.7071068 0 
6.959999 2.700001 -2.840012 0 -0.7071068 0 0.7071068 0 6.849998 2.700001 2.269989 0 -0.7071068 0 0.7071068 0 
6.959999 2.700001 -2.840012 0 -0.7071068 0 0.7071068 0 6.849998 2.700001 2.269989 0 -0.7071068 0 0.7071068 0 
6.959999 2.700001 -2.840012 0 -0.7071068 0 0.7071068 0 6.849998 2.700001 2.269989 0 -0.7071068 0 0.7071068 0 
6.959999 2.700001 -2.840012 0 -0.7071068 0 0.7071068 0 6.849998 2.700001 2.269989 0 -0.7071068 0 0.7071068 0 
6.959999 2.700001 -2.840012 0 -0.7071068 0 0.7071068 0 6.849998 2.700001 2.269989 0 -0.7071068 0 0.7071068 0 
6.959999 2.700001 -2.840012 0 -0.7071068 0 0.7071068 0 6.849998 2.700001 2.269989 0 -0.7071068 0 0.7071068 0 
6.959999 2.700001 -2.840012 0 -0.7071068 0 0.7071068 0 6.849998 2.700001 2.269989 0 -0.7071068 0 0.7071068 0 
6.959999 2.700001 -2.840012 0 -0.7071068 0 0.7071068 0 6.849998 2.700001 2.269989 0 -0.7071068 0 0.7071068 0 
6.959999 2.700001 -2.840012 0 -0.7071068 0 0.7071068 0 6.849998 2.700001 2.269989 0 -0.7071068 0 0.7071068 0 
6.959999 2.700001 -2.840012 0 -0.7071068 0 0.7071068 0 6.849998 2.700001 2.269989 0 -0.7071068 0 0.7071068 0 
6.959999 2.700001 -2.840012 0 -0.7071068 0 0.7071068 0 6.849998 2.700001 2.269989 0 -0.7071068 0 0.7071068 0 
6.959999 2.700001 -2.840012 0 -0.7071068 0 0.7071068 0 6.849998 2.700001 2.269989 0 -0.7071068 0 0.7071068 0 
6.959999 2.700001 -2.840012 0 -0.7071068 0 0.7071068 0 6.849998 2.700001 2.269989 0 -0.7071068 0 0.7071068 0 
6.959999 2.700001 -2.840012 0 -0.7071068 0 0.7071068 0 6.849998 2.700001 2.269989 0 -0.7071068 0 0.7071068 0 
6.959999 2.700001 -2.840012 0 -0.7071068 0 0.7071068 0 6.849998 2.700001 2.269989 0 -0.7071068 0 0.7071068 0 
6.959999 2.700001 -2.840012 0 -0.7071068 0 0.7071068 0 6.849998 2.700001 2.269989 0 -0.7071068 0 0.7071068 0 
6.959999 2.700001 -2.840012 0 -0.7071068 0 0.7071068 0 6.849998 2.700001 2.269989 0 -0.7071068 0 0.7071068 0 
6.959999 2.700001 -2.840012 0 -0.7071068 0 0.7071068 0 6.849998 2.700001 2.269989 0 -0.7071068 0 0.7071068 0 
6.959999 2.700001 -2.840012 0 -0.7071068 0 0.7071068 0 6.849998 2.700001 2.269989 0 -0.7071068 0 0.7071068 0 
6.959999 2.700001 -2.840012 0 -0.7071068 0 0.7071068 0 6.849998 2.700001 2.269989 0 -0.7071068 0 0.7071068 0 
6.959999 2.700001 -2.840012 0 -0.7071068 0 0.7071068 0 6.849998 2.700001 2.269989 0 -0.7071068 0 0.7071068 0 
6.959999 2.700001 -2.840012 0 -0.7071068 0 0.7071068 0 6.849998 2.700001 2.269989 0 -0.7071068 0 0.7071068 0 
6.959999 2.700001 -2.840012 0 -0.7071068 0 0.7071068 0 6.849998 2.700001 2.269989 0 -0.7071068 0 0.7071068 0 
6.959999 2.700001 -2.840012 0 -0.7071068 0 0.7071068 0 6.849998 2.700001 2.269989 0 -0.7071068 0 0.7071068 0 
6.959999 2.700001 -2.840012 0 -0.7071068 0 0.7071068 0 6.849998 2.700001 2.269989 0 -0.7071068 0 0.7071068 0 
6.959999 2.700001 -2.840012 0 -0.7071068 0 0.7071068 0 6.849998 2.700001 2.269989 0 -0.7071068 0 0.7071068 0 
6.959999 2.700001 -2.840012 0 -0.7071068 0 0.7071068 0 6.849998 2.700001 2.269989 0 -0.7071068 0 0.7071068 0 
6.959999 2.700001 -2.840012 0 -0.7071068 0 0.7071068 0 6.849998 2.700001 2.269989 0 -0.7071068 0 0.7071068 0 
6.959999 2.700001 -2.840012 0 -0.7071068 0 0.7071068 0 6.849998 2.700001 2.269989 0 -0.7071068 0 0.7071068 0 
6.959999 2.700001 -2.840012 0 -0.7071068 0 0.7071068 0 6.849998 2.700001 2.269989 0 -0.7071068 0 0.7071068 0 
6.959999 2.700001 -2.840012 0 -0.7071068 0 0.7071068 0 6.849998 2.700001 2.269989 0 -0.7071068 0 0.7071068 0 
6.959999 2.700001 -2.840012 0 -0.7071068 0 0.7071068 0 6.849998 2.700001 2.269989 0 -0.7071068 0 0.7071068 0 
6.959999 2.700001 -2.840012 0 -0.7071068 0 0.7071068 0 6.849998 2.700001 2.269989 0 -0.7071068 0 0.7071068 0 
6.959999 2.700001 -2.840012 0 -0.7071068 0 0.7071068 0 6.849998 2.700001 2.269989 0 -0.7071068 0 0.7071068 0 
6.959999 2.700001 -2.840012 0 -0.7071068 0 0.7071068 0 6.849998 2.700001 2.269989 0 -0.7071068 0 0.7071068 0 
6.959999 2.700001 -2.840012 0 -0.7071068 0 0.7071068 0 6.849998 2.700001 2.269989 0 -0.7071068 0 0.7071068 0 
6.959999 2.700001 -2.840012 0 -0.7071068 0 0.7071068 0 6.849998 2.700001 2.269989 0 -0.7071068 0 0.7071068 0 
6.959999 2.700001 -2.840012 0 -0.7071068 0 0.7071068 0 6.849998 2.700001 2.269989 0 -0.7071068 0 0.7071068 0 
6.959999 2.700001 -2.840012 0 -0.7071068 0 0.7071068 0 6.849998 2.700001 2.269989 0 -0.7071068 0 0.7071068 0 
6.959999 2.700001 -2.840012 0 -0.7071068 0 0.7071068 0 6.849998 2.700001 2.269989 0 -0.7071068 0 0.7071068 0 
6.959999 2.700001 -2.840012 0 -0.7071068 0 0.7071068 0 6.849998 2.700001 2.269989 0 -0.7071068 0 0.7071068 0 
6.959999 2.700001 -2.840012 0 -0.7071068 0 0.7071068 0 6.849998 2.700001 2.269989 0 -0.7071068 0 0.7071068 0 
6.959999 2.700001 -2.840012 0 -0.7071068 0 0.7071068 0 6.849998 2.700001 2.269989 0 -0.7071068 0 0.7071068 0 
6.959999 2.700001 -2.840012 0 -0.7071068 0 0.7071068 0 6.849998 2.700001 2.269989 0 -0.7071068 0 0.7071068 0 
6.959999 2.700001 -2.840012 0 -0.7071068 0 0.7071068 0 6.849998 2.700001 2.269989 0 -0.7071068 0 0.7071068 0 
6.959999 2.700001 -2.840012 0 -0.7071068 0 0.7071068 0 6.849998 2.700001 2.269989 0 -0.7071068 0 0.7071068 0 
6.959999 2.700001 -2.840012 0 -0.7071068 0 0.7071068 0 6.849998 2.700001 2.269989 0 -0.7071068 0 0.7071068 0 
6.959999 2.700001 -2.840012 0 -0.7071068 0 0.7071068 0 6.849998 2.700001 2.269989 0 -0.7071068 0 0.7071068 0 
6.959999 2.700001 -2.840012 0 -0.7071068 0 0.7071068 0 6.849998 2.700001 2.269989 0 -0.7071068 0 0.7071068 0 
6.959999 2.700001 -2.840012 0 -0.7071068 0 0.7071068 0 6.849998 2.700001 2.269989 0 -0.7071068 0 0.7071068 0 
6.959999 2.700001 -2.840012 0 -0.7071068 0 0.7071068 0 6.849998 2.700001 2.269989 0 -0.7071068 0 0.7071068 0 
6.959999 2.700001 -2.840012 0 -0.7071068 0 0.7071068 0 6.849998 2.700001 2.269989 0 -0.7071068 0 0.7071068 0 
6.959999 2.700001 -2.840012 0 -0.7071068 0 0.7071068 0 6.849998 2.700001 2.269989 0 -0.7071068 0 0.7071068 0 
6.959999 2.700001 -2.840012 0 -0.7071068 0 0.7071068 0 6.849998 2.700001 2.269989 0 -0.7071068 0 0.7071068 0 
6.959999 2.700001 -2.840012 0 -0.7071068 0 0.7071068 0 6.849998 2.700001 2.269989 0 -0.7071068 0 0.7071068 0 
6.959999 2.700001 -2.840012 0 -0.7071068 0 0.7071068 0 6.849998 2.700001 2.269989 0 -0.7071068 0 0.7071068 0 
6.959999 2.700001 -2.840012 0 -0.7071068 0 0.7071068 0 6.849998 2.700001 2.269989 0 -0.7071068 0 0.7071068 0 
6.959999 2.700001 -2.840012 0 -0.7071068 0 0.7071068 0 6.849998 2.700001 2.269989 0 -0.7071068 0 0.7071068 0 
6.959999 2.700001 -2.840012 0 -0.7071068 0 0.7071068 0 6.849998 2.700001 2.269989 0 -0.7071068 0 0.7071068 0 
6.959999 2.700001 -2.840012 0 -0.7071068 0 0.7071068 0 6.849998 2.700001 2.269989 0 -0.7071068 0 0.7071068 0 
6.959999 2.700001 -2.840012 0 -0.7071068 0 0.7071068 0 6.849998 2.700001 2.269989 0 -0.7071068 0 0.7071068 0 
6.959999 2.700001 -2.840012 0 -0.7071068 0 0.7071068 0 6.849998 2.700001 2.269989 0 -0.7071068 0 0.7071068 0 
6.959999 2.700001 -2.840012 0 -0.7071068 0 0.7071068 0 6.849998 2.700001 2.269989 0 -0.7071068 0 0.7071068 0 
6.959999 2.700001 -2.840012 0 -0.7071068 0 0.7071068 0 6.849998 2.700001 2.269989 0 -0.7071068 0 0.7071068 0 
6.959999 2.700001 -2.840012 0 -0.7071068 0 0.7071068 0 6.849998 2.700001 2.269989 0 -0.7071068 0 0.7071068 0 
6.959999 2.700001 -2.840012 0 -0.7071068 0 0.7071068 0 6.849998 2.700001 2.269989 0 -0.7071068 0 0.7071068 0 
6.959999 2.700001 -2.840012 0 -0.7071068 0 0.7071068 0 6.849998 2.700001 2.269989 0 -0.7071068 0 0.7071068 0 
6.959999 2.700001 -2.840012 0 -0.7071068 0 0.7071068 0 6.849998 2.700001 2.269989 0 -0.7071068 0 0.7071068 0 
6.959999 2.700001 -2.840012 0 -0.7071068 0 0.7071068 0 6.849998 2.700001 2.269989 0 -0.7071068 0 0.7071068 0 
6.959999 2.700001 -2.840012 0 -0.7071068 0 0.7071068 0 6.849998 2.700001 2.269989 0 -0.7071068 0 0.7071068 0 
6.959999 2.700001 -2.840012 0 -0.7071068 0 0.7071068 0 6.849998 2.700001 2.269989 0 -0.7071068 0 0.7071068 0 
6.959999 2.700001 -2.840012 0 -0.7071068 0 0.7071068 0 6.849998 2.700001 2.269989 0 -0.7071068 0 0.7071068 0 
6.959999 2.700001 -2.840012 0 -0.7071068 0 0.7071068 0 6.849998 2.700001 2.269989 0 -0.7071068 0 0.7071068 0 
6.959999 2.700001 -2.840012 0 -0.7071068 0 0.7071068 0 6.849998 2.700001 2.269989 0 -0.7071068 0 0.7071068 0 
6.959999 2.700001 -2.840012 0 -0.7071068 0 0.7071068 0 6.849998 2.700001 2.269989 0 -0.7071068 0 0.7071068 0 
6.959999 2.700001 -2.840012 0 -0.7071068 0 0.7071068 0 6.849998 2.700001 2.269989 0 -0.7071068 0 0.7071068 0 
6.959999 2.700001 -2.840012 0 -0.7071068 0 0.7071068 0 6.849998 2.700001 2.269989 0 -0.7071068 0 0.7071068 0 
6.959999 2.700001 -2.840012 0 -0.7071068 0 0.7071068 0 6.849998 2.700001 2.269989 0 -0.7071068 0 0.7071068 0 
6.959999 2.700001 -2.840012 0 -0.7071068 0 0.7071068 0 6.849998 2.700001 2.269989 0 -0.7071068 0 0.7071068 0 
6.959999 2.700001 -2.840012 0 -0.7071068 0 0.7071068 0 6.849998 2.700001 2.269989 0 -0.7071068 0 0.7071068 0 
6.959999 2.700001 -2.840012 0 -0.7071068 0 0.7071068 0 6.849998 2.700001 2.269989 0 -0.7071068 0 0.7071068 0 
6.959999 2.700001 -2.840012 0 -0.7071068 0 0.7071068 0 6.849998 2.700001 2.269989 0 -0.7071068 0 0.7071068 0 
6.959999 2.700001 -2.840012 0 -0.7071068 0 0.7071068 0 6.849998 2.700001 2.269989 0 -0.7071068 0 0.7071068 0 
6.959999 2.700001 -2.840012 0 -0.7071068 0 0.7071068 0 6.849998 2.700001 2.269989 0 -0.7071068 0 0.7071068 0 
6.959999 2.700001 -2.840012 0 -0.7071068 0 0.7071068 0 6.849998 2.700001 2.269989 0 -0.7071068 0 0.7071068 0 
6.959999 2.700001 -2.840012 0 -0.7071068 0 0.7071068 0 6.849998 2.700001 2.269989 0 -0.7071068 0 0.7071068 0 
6.959999 2.700001 -2.840012 0 -0.7071068 0 0.7071068 0 6.849998 2.700001 2.269989 0 -0.7071068 0 0.7071068 0 
6.959999 2.700001 -2.840012 0 -0.7071068 0 0.7071068 0 6.849998 2.700001 2.269989 0 -0.7071068 0 0.7071068 0 
6.959999 2.700001 -2.840012 0 -0.7071068 0 0.7071068 0 6.849998 2.700001 2.269989 0 -0.7071068 0 0.7071068 0 
6.959999 2.700001 -2.840012 0 -0.7071068 0 0.7071068 0 6.849998 2.700001 2.269989 0 -0.7071068 0 0.7071068 0 
6.959999 2.700001 -2.840012 0 -0.7071068 0 0.7071068 0 6.849998 2.700001 2.269989 0 -0.7071068 0 0.7071068 0 
6.959999 2.700001 -2.840012 0 -0.7071068 0 0.7071068 0 6.849998 2.700001 2.269989 0 -0.7071068 0 0.7071068 0 
6.959999 2.700001 -2.840012 0 -0.7071068 0 0.7071068 0 6.849998 2.700001 2.269989 0 -0.7071068 0 0.7071068 0 
6.959999 2.700001 -2.840012 0 -0.7071068 0 0.7071068 0 6.849998 2.700001 2.269989 0 -0.7071068 0 0.7071068 0 
6.959999 2.700001 -2.840012 0 -0.7071068 0 0.7071068 0 6.849998 2.700001 2.269989 0 -0.7071068 0 0.7071068 0 
6.959999 2.700001 -2.840012 0 -0.7071068 0 0.7071068 0 6.849998 2.700001 2.269989 0 -0.7071068 0 0.7071068 0 
6.959999 2.700001 -2.840012 0 -0.7071068 0 0.7071068 0 6.849998 2.700001 2.269989 0 -0.7071068 0 0.7071068 0 
6.959999 2.700001 -2.840012 0 -0.7071068 0 0.7071068 0 6.849998 2.700001 2.269989 0 -0.7071068 0 0.7071068 0 
6.959999 2.700001 -2.840012 0 -0.7071068 0 0.7071068 0 6.849998 2.700001 2.269989 0 -0.7071068 0 0.7071068 0 
6.959999 2.700001 -2.840012 0 -0.7071068 0 0.7071068 0 6.849998 2.700001 2.269989 0 -0.7071068 0 0.7071068 0 
6.959999 2.700001 -2.840012 0 -0.7071068 0 0.7071068 0 6.849998 2.700001 2.269989 0 -0.7071068 0 0.7071068 0 
6.959999 2.700001 -2.840012 0 -0.7071068 0 0.7071068 0 6.849998 2.700001 2.269989 0 -0.7071068 0 0.7071068 0 
6.959999 2.700001 -2.840012 0 -0.7071068 0 0.7071068 0 6.849998 2.700001 2.269989 0 -0.7071068 0 0.7071068 0 
6.959999 2.700001 -2.840012 0 -0.7071068 0 0.7071068 0 6.849998 2.700001 2.269989 0 -0.7071068 0 0.7071068 0 
6.959999 2.700001 -2.840012 0 -0.7071068 0 0.7071068 0 6.849998 2.700001 2.269989 0 -0.7071068 0 0.7071068 0 
6.959999 2.700001 -2.840012 0 -0.7071068 0 0.7071068 0 6.849998 2.700001 2.269989 0 -0.7071068 0 0.7071068 0 
6.959999 2.700001 -2.840012 0 -0.7071068 0 0.7071068 0 6.849998 2.700001 2.269989 0 -0.7071068 0 0.7071068 0 
6.959999 2.700001 -2.840012 0 -0.7071068 0 0.7071068 0 6.849998 2.700001 2.269989 0 -0.7071068 0 0.7071068 0 
6.959999 2.700001 -2.840012 0 -0.7071068 0 0.7071068 0 6.849998 2.700001 2.269989 0 -0.7071068 0 0.7071068 0 
6.959999 2.700001 -2.840012 0 -0.7071068 0 0.7071068 0 6.849998 2.700001 2.269989 0 -0.7071068 0 0.7071068 0 
6.959999 2.700001 -2.840012 0 -0.7071068 0 0.7071068 0 6.849998 2.700001 2.269989 0 -0.7071068 0 0.7071068 0 
6.959999 2.700001 -2.840012 0 -0.7071068 0 0.7071068 0 6.849998 2.700001 2.269989 0 -0.7071068 0 0.7071068 0 
6.959999 2.700001 -2.840012 0 -0.7071068 0 0.7071068 0 6.849998 2.700001 2.269989 0 -0.7071068 0 0.7071068 0 
6.959999 2.700001 -2.840012 0 -0.7071068 0 0.7071068 0 6.849998 2.700001 2.269989 0 -0.7071068 0 0.7071068 0 
6.959999 2.700001 -2.840012 0 -0.7071068 0 0.7071068 0 6.849998 2.700001 2.269989 0 -0.7071068 0 0.7071068 0 
6.959999 2.700001 -2.840012 0 -0.7071068 0 0.7071068 0 6.849998 2.700001 2.269989 0 -0.7071068 0 0.7071068 0 
6.959999 2.700001 -2.840012 0 -0.7071068 0 0.7071068 0 6.849998 2.700001 2.269989 0 -0.7071068 0 0.7071068 0 
6.959999 2.700001 -2.840012 0 -0.7071068 0 0.7071068 0 6.849998 2.700001 2.269989 0 -0.7071068 0 0.7071068 0 
6.959999 2.700001 -2.840012 0 -0.7071068 0 0.7071068 0 6.849998 2.700001 2.269989 0 -0.7071068 0 0.7071068 0 
6.959999 2.700001 -2.840012 0 -0.7071068 0 0.7071068 0 6.849998 2.700001 2.269989 0 -0.7071068 0 0.7071068 0 
6.959999 2.700001 -2.840012 0 -0.7071068 0 0.7071068 0 6.849998 2.700001 2.269989 0 -0.7071068 0 0.7071068 0 
6.959999 2.700001 -2.840012 0 -0.7071068 0 0.7071068 0 6.849998 2.700001 2.269989 0 -0.7071068 0 0.7071068 0 
6.959999 2.700001 -2.840012 0 -0.7071068 0 0.7071068 0 6.849998 2.700001 2.269989 0 -0.7071068 0 0.7071068 0 
6.959999 2.700001 -2.840012 0 -0.7071068 0 0.7071068 0 6.849998 2.700001 2.269989 0 -0.7071068 0 0.7071068 0 
6.959999 2.700001 -2.840012 0 -0.7071068 0 0.7071068 0 6.849998 2.700001 2.269989 0 -0.7071068 0 0.7071068 0 
6.959999 2.700001 -2.840012 0 -0.7071068 0 0.7071068 0 6.849998 2.700001 2.269989 0 -0.7071068 0 0.7071068 0 
6.959999 2.700001 -2.840012 0 -0.7071068 0 0.7071068 0 6.849998 2.700001 2.269989 0 -0.7071068 0 0.7071068 0 
6.959999 2.700001 -2.840012 0 -0.7071068 0 0.7071068 0 6.849998 2.700001 2.269989 0 -0.7071068 0 0.7071068 0 
6.959999 2.700001 -2.840012 0 -0.7071068 0 0.7071068 0 6.849998 2.700001 2.269989 0 -0.7071068 0 0.7071068 0 
6.959999 2.700001 -2.840012 0 -0.7071068 0 0.7071068 0 6.849998 2.700001 2.269989 0 -0.7071068 0 0.7071068 0 
6.959999 2.700001 -2.840012 0 -0.7071068 0 0.7071068 0 6.849998 2.700001 2.269989 0 -0.7071068 0 0.7071068 0 
6.959999 2.700001 -2.840012 0 -0.7071068 0 0.7071068 0 6.849998 2.700001 2.269989 0 -0.7071068 0 0.7071068 0 
6.959999 2.700001 -2.840012 0 -0.7071068 0 0.7071068 0 6.849998 2.700001 2.269989 0 -0.7071068 0 0.7071068 0 
6.959999 2.700001 -2.840012 0 -0.7071068 0 0.7071068 0 6.849998 2.700001 2.269989 0 -0.7071068 0 0.7071068 0 
6.959999 2.700001 -2.840012 0 -0.7071068 0 0.7071068 0 6.849998 2.700001 2.269989 0 -0.7071068 0 0.7071068 0 
6.959999 2.700001 -2.840012 0 -0.7071068 0 0.7071068 0 6.849998 2.700001 2.269989 0 -0.7071068 0 0.7071068 0 
6.959999 2.700001 -2.840012 0 -0.7071068 0 0.7071068 0 6.849998 2.700001 2.269989 0 -0.7071068 0 0.7071068 0 
6.959999 2.700001 -2.840012 0 -0.7071068 0 0.7071068 0 6.849998 2.700001 2.269989 0 -0.7071068 0 0.7071068 0 
6.959999 2.700001 -2.840012 0 -0.7071068 0 0.7071068 0 6.849998 2.700001 2.269989 0 -0.7071068 0 0.7071068 0 
6.959999 2.700001 -2.840012 0 -0.7071068 0 0.7071068 0 6.849998 2.700001 2.269989 0 -0.7071068 0 0.7071068 0 
6.959999 2.700001 -2.840012 0 -0.7071068 0 0.7071068 0 6.849998 2.700001 2.269989 0 -0.7071068 0 0.7071068 0 
6.959999 2.700001 -2.840012 0 -0.7071068 0 0.7071068 0 6.849998 2.700001 2.269989 0 -0.7071068 0 0.7071068 0 
6.959999 2.700001 -2.840012 0 -0.7071068 0 0.7071068 0 6.849998 2.700001 2.269989 0 -0.7071068 0 0.7071068 0 
6.959999 2.700001 -2.840012 0 -0.7071068 0 0.7071068 0 6.849998 2.700001 2.269989 0 -0.7071068 0 0.7071068 0 
6.959999 2.700001 -2.840012 0 -0.7071068 0 0.7071068 0 6.849998 2.700001 2.269989 0 -0.7071068 0 0.7071068 0 
6.959999 2.700001 -2.840012 0 -0.7071068 0 0.7071068 0 6.849998 2.700001 2.269989 0 -0.7071068 0 0.7071068 0 
6.959999 2.700001 -2.840012 0 -0.7071068 0 0.7071068 0 6.849998 2.700001 2.269989 0 -0.7071068 0 0.7071068 0 
6.959999 2.700001 -2.840012 0 -0.7071068 0 0.7071068 0 6.849998 2.700001 2.269989 0 -0.7071068 0 0.7071068 0 
6.959999 2.700001 -2.840012 0 -0.7071068 0 0.7071068 0 6.849998 2.700001 2.269989 0 -0.7071068 0 0.7071068 0 
6.959999 2.700001 -2.840012 0 -0.7071068 0 0.7071068 0 6.849998 2.700001 2.269989 0 -0.7071068 0 0.7071068 0 
6.959999 2.700001 -2.840012 0 -0.7071068 0 0.7071068 0 6.849998 2.700001 2.269989 0 -0.7071068 0 0.7071068 0 
6.959999 2.700001 -2.840012 0 -0.7071068 0 0.7071068 0 6.849998 2.700001 2.269989 0 -0.7071068 0 0.7071068 0 
6.959999 2.700001 -2.840012 0 -0.7071068 0 0.7071068 0 6.849998 2.700001 2.269989 0 -0.7071068 0 0.7071068 0 
6.959999 2.700001 -2.840012 0 -0.7071068 0 0.7071068 0 6.849998 2.700001 2.269989 0 -0.7071068 0 0.7071068 0 
6.959999 2.700001 -2.840012 0 -0.7071068 0 0.7071068 0 6.849998 2.700001 2.269989 0 -0.7071068 0 0.7071068 0 
6.959999 2.700001 -2.840012 0 -0.7071068 0 0.7071068 0 6.849998 2.700001 2.269989 0 -0.7071068 0 0.7071068 0 
6.959999 2.700001 -2.840012 0 -0.7071068 0 0.7071068 0 6.849998 2.700001 2.269989 0 -0.7071068 0 0.7071068 0 
6.959999 2.700001 -2.840012 0 -0.7071068 0 0.7071068 0 6.849998 2.700001 2.269989 0 -0.7071068 0 0.7071068 0 
6.959999 2.700001 -2.840012 0 -0.7071068 0 0.7071068 0 6.849998 2.700001 2.269989 0 -0.7071068 0 0.7071068 0 
6.959999 2.700001 -2.840012 0 -0.7071068 0 0.7071068 0 6.849998 2.700001 2.269989 0 -0.7071068 0 0.7071068 0 
6.959999 2.700001 -2.840012 0 -0.7071068 0 0.7071068 0 6.849998 2.700001 2.269989 0 -0.7071068 0 0.7071068 0 
6.959999 2.700001 -2.840012 0 -0.7071068 0 0.7071068 0 6.849998 2.700001 2.269989 0 -0.7071068 0 0.7071068 0 
6.959999 2.700001 -2.840012 0 -0.7071068 0 0.7071068 0 6.849998 2.700001 2.269989 0 -0.7071068 0 0.7071068 0 
6.959999 2.700001 -2.840012 0 -0.7071068 0 0.7071068 0 6.849998 2.700001 2.269989 0 -0.7071068 0 0.7071068 0 
6.959999 2.700001 -2.840012 0 -0.7071068 0 0.7071068 0 6.849998 2.700001 2.269989 0 -0.7071068 0 0.7071068 0 
6.959999 2.700001 -2.840012 0 -0.7071068 0 0.7071068 0 6.849998 2.700001 2.269989 0 -0.7071068 0 0.7071068 0 
6.959999 2.700001 -2.840012 0 -0.7071068 0 0.7071068 0 6.849998 2.700001 2.269989 0 -0.7071068 0 0.7071068 0 
6.959999 2.700001 -2.840012 0 -0.7071068 0 0.7071068 0 6.849998 2.700001 2.269989 0 -0.7071068 0 0.7071068 0 
6.959999 2.700001 -2.840012 0 -0.7071068 0 0.7071068 0 6.849998 2.77 2.349991 0 -0.7071068 0 0.7071068 0 
6.959999 2.700001 -2.840012 0 -0.7071068 0 0.7071068 0 6.849998 3.09 3 0 -0.7071068 0 0.7071068 0 
6.959999 2.700001 -2.840012 0 -0.7071068 0 0.7071068 0 6.849998 3.299999 3.429993 0 -0.7071068 0 0.7071068 0 
6.959999 2.700001 -2.840012 0 -0.7071068 0 0.7071068 0 6.849998 3.459999 3.709991 0 -0.7071068 0 0.7071068 0 
6.959999 2.700001 -2.840012 0 -0.7071068 0 0.7071068 0 6.849998 3.59 3.929993 0 -0.7071068 0 0.7071068 0 
6.959999 2.700001 -2.840012 0 -0.7071068 0 0.7071068 0 6.849998 3.740002 4.159988 0 -0.7071068 0 0.7071068 0 
6.959999 2.700001 -2.840012 0 -0.7071068 0 0.7071068 0 6.850002 3.830002 4.279999 0 -0.7071068 0 0.7071068 0 
6.959999 2.700001 -2.840012 0 -0.7071068 0 0.7071068 0 6.850002 3.889999 4.339996 0 -0.7071068 0 0.7071068 0 
6.959999 2.700001 -2.840012 0 -0.7071068 0 0.7071068 0 6.850002 3.920002 4.399994 0 -0.7071068 0 0.7071068 0 
6.959999 2.700001 -2.840012 0 -0.7071068 0 0.7071068 0 6.850002 4.010002 4.509995 0 -0.7071068 0 0.7071068 0 
6.959999 2.700001 -2.840012 0 -0.7071068 0 0.7071068 0 6.850002 4.049999 4.539993 0 -0.7071068 0 0.7071068 0 
6.959999 2.700001 -2.840012 0 -0.7071068 0 0.7071068 0 6.850002 4.130001 4.619995 0 -0.7071068 0 0.7071068 0 
6.959999 2.700001 -2.840012 0 -0.7071068 0 0.7071068 0 6.850002 4.170002 4.649994 0 -0.7071068 0 0.7071068 0 
6.959999 2.700001 -2.840012 0 -0.7071068 0 0.7071068 0 6.850002 4.200001 4.679993 0 -0.7071068 0 0.7071068 0 
6.959999 2.700001 -2.840012 0 -0.7071068 0 0.7071068 0 6.850002 4.23 4.679993 0 -0.7071068 0 0.7071068 0 
6.959999 2.700001 -2.840012 0 -0.7071068 0 0.7071068 0 6.850002 4.280003 4.689987 0 -0.7071068 0 0.7071068 0 
6.959999 2.700001 -2.840012 0 -0.7071068 0 0.7071068 0 6.850002 4.490002 4.779999 0 -0.7071068 0 0.7071068 0 
6.959999 2.700001 -2.840012 0 -0.7071068 0 0.7071068 0 6.850002 4.639999 4.799988 0 -0.7071068 0 0.7071068 0 
6.959999 2.700001 -2.840012 0 -0.7071068 0 0.7071068 0 6.850002 4.830002 4.769989 0 -0.7071068 0 0.7071068 0 
6.959999 2.700001 -2.840012 0 -0.7071068 0 0.7071068 0 6.850002 4.880001 4.709991 0 -0.7071068 0 0.7071068 0 
6.959999 2.700001 -2.840012 0 -0.7071068 0 0.7071068 0 6.850002 4.959999 4.619995 0 -0.7071068 0 0.7071068 0 
6.959999 2.700001 -2.840012 0 -0.7071068 0 0.7071068 0 6.850002 5.049999 4.529999 0 -0.7071068 0 0.7071068 0 
6.959999 2.700001 -2.840012 0 -0.7071068 0 0.7071068 0 6.850002 5.100002 4.439987 0 -0.7071068 0 0.7071068 0 
6.959999 2.700001 -2.840012 0 -0.7071068 0 0.7071068 0 6.849998 5.190002 4.229996 0 -0.7071068 0 0.7071068 0 
6.959999 2.700001 -2.840012 0 -0.7071068 0 0.7071068 0 6.849998 5.280003 3.889999 0 -0.7071068 0 0.7071068 0 
6.959999 2.700001 -2.840012 0 -0.7071068 0 0.7071068 0 6.849998 5.369999 3.669998 0 -0.7071068 0 0.7071068 0 
6.959999 2.700001 -2.840012 0 -0.7071068 0 0.7071068 0 6.849998 5.459999 3.409988 0 -0.7071068 0 0.7071068 0 
6.959999 2.700001 -2.840012 0 -0.7071068 0 0.7071068 0 6.849998 5.650002 3.169998 0 -0.7071068 0 0.7071068 0 
6.959999 2.700001 -2.840012 0 -0.7071068 0 0.7071068 0 6.849998 5.700001 3.149994 0 -0.7071068 0 0.7071068 0 
6.959999 2.700001 -2.840012 0 -0.7071068 0 0.7071068 0 6.849998 5.75 3.079987 0 -0.7071068 0 0.7071068 0 
6.959999 2.700001 -2.840012 0 -0.7071068 0 0.7071068 0 6.849998 5.77 3 0 -0.7071068 0 0.7071068 0 
6.959999 2.700001 -2.840012 0 -0.7071068 0 0.7071068 0 6.849998 5.77 2.87999 0 -0.7071068 0 0.7071068 0 
6.959999 2.700001 -2.840012 0 -0.7071068 0 0.7071068 0 6.849998 5.720001 2.599991 0 -0.7071068 0 0.7071068 0 
6.959999 2.700001 -2.840012 0 -0.7071068 0 0.7071068 0 6.849998 5.639999 2.339996 0 -0.7071068 0 0.7071068 0 
6.959999 2.700001 -2.840012 0 -0.7071068 0 0.7071068 0 6.849998 5.43 1.829987 0 -0.7071068 0 0.7071068 0 
6.959999 2.700001 -2.840012 0 -0.7071068 0 0.7071068 0 6.849998 5.139999 1.409988 0 -0.7071068 0 0.7071068 0 
6.959999 2.700001 -2.840012 0 -0.7071068 0 0.7071068 0 6.849998 4.720001 1.069992 0 -0.7071068 0 0.7071068 0 
6.959999 2.700001 -2.840012 0 -0.7071068 0 0.7071068 0 6.849998 4.540001 0.9399872 0 -0.7071068 0 0.7071068 0 
6.959999 2.700001 -2.840012 0 -0.7071068 0 0.7071068 0 6.849998 4.220001 0.7999878 0 -0.7071068 0 0.7071068 0 
6.959999 2.700001 -2.840012 0 -0.7071068 0 0.7071068 0 6.849998 3.740002 0.6499939 0 -0.7071068 0 0.7071068 0 
6.959999 2.700001 -2.840012 0 -0.7071068 0 0.7071068 0 6.849998 3.34 0.6899872 0 -0.7071068 0 0.7071068 0 
6.959999 2.700001 -2.840012 0 -0.7071068 0 0.7071068 0 6.849998 2.98 0.7799988 0 -0.7071068 0 0.7071068 0 
6.959999 2.700001 -2.840012 0 -0.7071068 0 0.7071068 0 6.849998 2.75 0.8999939 0 -0.7071068 0 0.7071068 0 
6.959999 2.700001 -2.840012 0 -0.7071068 0 0.7071068 0 6.849998 2.549999 0.9599915 0 -0.7071068 0 0.7071068 0 
6.959999 2.700001 -2.840012 0 -0.7071068 0 0.7071068 0 6.849998 2.280003 1.079987 0 -0.7071068 0 0.7071068 0 
6.959999 2.700001 -2.840012 0 -0.7071068 0 0.7071068 0 6.849998 2.170002 1.23999 0 -0.7071068 0 0.7071068 0 
6.959999 2.700001 -2.840012 0 -0.7071068 0 0.7071068 0 6.849998 2.190002 1.360001 0 -0.7071068 0 0.7071068 0 
6.959999 2.700001 -2.840012 0 -0.7071068 0 0.7071068 0 6.849998 2.16 1.470001 0 -0.7071068 0 0.7071068 0 
6.959999 2.700001 -2.840012 0 -0.7071068 0 0.7071068 0 6.849998 2.209999 1.699997 0 -0.7071068 0 0.7071068 0 
6.959999 2.700001 -2.840012 0 -0.7071068 0 0.7071068 0 6.849998 2.27 1.970001 0 -0.7071068 0 0.7071068 0 
6.959999 2.700001 -2.840012 0 -0.7071068 0 0.7071068 0 6.849998 2.360001 2.369995 0 -0.7071068 0 0.7071068 0 
6.959999 2.700001 -2.840012 0 -0.7071068 0 0.7071068 0 6.849998 2.450001 2.579987 0 -0.7071068 0 0.7071068 0 
6.959999 2.700001 -2.840012 0 -0.7071068 0 0.7071068 0 6.849998 2.490002 2.689987 0 -0.7071068 0 0.7071068 0 
6.959999 2.700001 -2.840012 0 -0.7071068 0 0.7071068 0 6.849998 2.549999 2.829987 0 -0.7071068 0 0.7071068 0 
6.959999 2.700001 -2.840012 0 -0.7071068 0 0.7071068 0 6.849998 2.630001 3.039993 0 -0.7071068 0 0.7071068 0 
6.959999 2.700001 -2.840012 0 -0.7071068 0 0.7071068 0 6.849998 2.639999 3.069992 0 -0.7071068 0 0.7071068 0 
6.959999 2.700001 -2.840012 0 -0.7071068 0 0.7071068 0 6.849998 2.650002 3.099991 0 -0.7071068 0 0.7071068 0 
6.959999 2.700001 -2.840012 0 -0.7071068 0 0.7071068 0 6.849998 2.670002 3.110001 0 -0.7071068 0 0.7071068 0 
6.959999 2.700001 -2.840012 0 -0.7071068 0 0.7071068 0 6.849998 2.670002 3.110001 0 -0.7071068 0 0.7071068 0 
6.959999 2.700001 -2.840012 0 -0.7071068 0 0.7071068 0 6.849998 2.670002 3.110001 0 -0.7071068 0 0.7071068 0 
6.959999 2.700001 -2.840012 0 -0.7071068 0 0.7071068 0 6.849998 2.670002 3.110001 0 -0.7071068 0 0.7071068 0 
6.959999 2.700001 -2.840012 0 -0.7071068 0 0.7071068 0 6.849998 2.700001 3.110001 0 -0.7071068 0 0.7071068 0 
6.959999 2.700001 -2.840012 0 -0.7071068 0 0.7071068 0 6.849998 2.700001 3.110001 0 -0.7071068 0 0.7071068 0 
6.959999 2.700001 -2.840012 0 -0.7071068 0 0.7071068 0 6.849998 2.700001 3.110001 0 -0.7071068 0 0.7071068 0 
6.959999 2.700001 -2.840012 0 -0.7071068 0 0.7071068 0 6.849998 2.700001 3.110001 0 -0.7071068 0 0.7071068 0 
6.959999 2.700001 -2.840012 0 -0.7071068 0 0.7071068 0 6.849998 2.700001 3.110001 0 -0.7071068 0 0.7071068 0 
6.959999 2.700001 -2.840012 0 -0.7071068 0 0.7071068 0 6.849998 2.700001 3.110001 0 -0.7071068 0 0.7071068 0 
6.959999 2.700001 -2.840012 0 -0.7071068 0 0.7071068 0 6.849998 2.700001 3.110001 0 -0.7071068 0 0.7071068 0 
6.959999 2.700001 -2.840012 0 -0.7071068 0 0.7071068 0 6.849998 2.700001 3.110001 0 -0.7071068 0 0.7071068 0 
6.959999 2.700001 -2.840012 0 -0.7071068 0 0.7071068 0 6.849998 2.700001 3.110001 0 -0.7071068 0 0.7071068 0 
6.959999 2.700001 -2.840012 0 -0.7071068 0 0.7071068 0 6.849998 2.700001 3.110001 0 -0.7071068 0 0.7071068 0 
6.959999 2.700001 -2.840012 0 -0.7071068 0 0.7071068 0 6.849998 2.700001 3.110001 0 -0.7071068 0 0.7071068 0 
6.959999 2.700001 -2.840012 0 -0.7071068 0 0.7071068 0 6.849998 2.700001 3.110001 0 -0.7071068 0 0.7071068 0 
6.959999 2.700001 -2.840012 0 -0.7071068 0 0.7071068 0 6.849998 2.700001 3.110001 0 -0.7071068 0 0.7071068 0 
6.959999 2.700001 -2.840012 0 -0.7071068 0 0.7071068 0 6.849998 2.700001 3.110001 0 -0.7071068 0 0.7071068 0 
6.959999 2.700001 -2.840012 0 -0.7071068 0 0.7071068 0 6.849998 2.700001 3.110001 0 -0.7071068 0 0.7071068 0 
6.959999 2.700001 -2.840012 0 -0.7071068 0 0.7071068 0 6.849998 2.700001 3.110001 0 -0.7071068 0 0.7071068 0 
6.959999 2.700001 -2.840012 0 -0.7071068 0 0.7071068 0 6.849998 2.700001 3.110001 0 -0.7071068 0 0.7071068 0 
6.959999 2.700001 -2.840012 0 -0.7071068 0 0.7071068 0 6.849998 2.700001 3.110001 0 -0.7071068 0 0.7071068 0 
6.959999 2.700001 -2.840012 0 -0.7071068 0 0.7071068 0 6.849998 2.700001 3.110001 0 -0.7071068 0 0.7071068 0 
6.959999 2.700001 -2.840012 0 -0.7071068 0 0.7071068 0 6.849998 2.700001 3.110001 0 -0.7071068 0 0.7071068 0 
6.959999 2.700001 -2.840012 0 -0.7071068 0 0.7071068 0 6.849998 2.700001 3.110001 0 -0.7071068 0 0.7071068 0 
6.959999 2.700001 -2.840012 0 -0.7071068 0 0.7071068 0 6.849998 2.700001 3.110001 0 -0.7071068 0 0.7071068 0 
6.959999 2.700001 -2.840012 0 -0.7071068 0 0.7071068 0 6.849998 2.700001 3.110001 0 -0.7071068 0 0.7071068 0 
6.959999 2.700001 -2.840012 0 -0.7071068 0 0.7071068 0 6.849998 2.700001 3.110001 0 -0.7071068 0 0.7071068 0 
6.959999 2.700001 -2.840012 0 -0.7071068 0 0.7071068 0 6.849998 2.700001 3.110001 0 -0.7071068 0 0.7071068 0 
6.959999 2.700001 -2.840012 0 -0.7071068 0 0.7071068 0 6.849998 2.700001 3.110001 0 -0.7071068 0 0.7071068 0 
6.959999 2.700001 -2.840012 0 -0.7071068 0 0.7071068 0 6.849998 2.700001 3.110001 0 -0.7071068 0 0.7071068 0 
6.959999 2.700001 -2.840012 0 -0.7071068 0 0.7071068 0 6.849998 2.700001 3.110001 0 -0.7071068 0 0.7071068 0 
6.959999 2.700001 -2.840012 0 -0.7071068 0 0.7071068 0 6.849998 2.700001 3.110001 0 -0.7071068 0 0.7071068 0 
6.959999 2.700001 -2.840012 0 -0.7071068 0 0.7071068 0 6.849998 2.700001 3.110001 0 -0.7071068 0 0.7071068 0 
6.959999 2.700001 -2.840012 0 -0.7071068 0 0.7071068 0 6.849998 2.700001 3.110001 0 -0.7071068 0 0.7071068 0 
6.959999 2.700001 -2.840012 0 -0.7071068 0 0.7071068 0 6.849998 2.700001 3.110001 0 -0.7071068 0 0.7071068 0 
6.959999 2.700001 -2.840012 0 -0.7071068 0 0.7071068 0 6.849998 2.700001 3.110001 0 -0.7071068 0 0.7071068 0 
6.959999 2.700001 -2.840012 0 -0.7071068 0 0.7071068 0 6.849998 2.700001 3.110001 0 -0.7071068 0 0.7071068 0 
6.959999 2.700001 -2.840012 0 -0.7071068 0 0.7071068 0 6.849998 2.700001 3.110001 0 -0.7071068 0 0.7071068 0 
6.959999 2.700001 -2.840012 0 -0.7071068 0 0.7071068 0 6.849998 2.700001 3.110001 0 -0.7071068 0 0.7071068 0 
6.959999 2.700001 -2.840012 0 -0.7071068 0 0.7071068 0 6.849998 2.700001 3.110001 0 -0.7071068 0 0.7071068 0 
6.959999 2.700001 -2.840012 0 -0.7071068 0 0.7071068 0 6.849998 2.700001 3.110001 0 -0.7071068 0 0.7071068 0 
6.959999 2.700001 -2.840012 0 -0.7071068 0 0.7071068 0 6.849998 2.700001 3.110001 0 -0.7071068 0 0.7071068 0 
6.959999 2.700001 -2.840012 0 -0.7071068 0 0.7071068 0 6.849998 2.700001 3.110001 0 -0.7071068 0 0.7071068 0 
6.959999 2.700001 -2.840012 0 -0.7071068 0 0.7071068 0 6.849998 2.700001 3.110001 0 -0.7071068 0 0.7071068 0 
6.959999 2.700001 -2.840012 0 -0.7071068 0 0.7071068 0 6.849998 2.700001 3.110001 0 -0.7071068 0 0.7071068 0 
6.959999 2.700001 -2.840012 0 -0.7071068 0 0.7071068 0 6.849998 2.700001 3.110001 0 -0.7071068 0 0.7071068 0 
6.959999 2.700001 -2.840012 0 -0.7071068 0 0.7071068 0 6.849998 2.700001 3.110001 0 -0.7071068 0 0.7071068 0 
6.959999 2.700001 -2.840012 0 -0.7071068 0 0.7071068 0 6.849998 2.700001 3.110001 0 -0.7071068 0 0.7071068 0 
6.959999 2.700001 -2.840012 0 -0.7071068 0 0.7071068 0 6.849998 2.700001 3.110001 0 -0.7071068 0 0.7071068 0 
6.959999 2.700001 -2.840012 0 -0.7071068 0 0.7071068 0 6.849998 2.700001 3.110001 0 -0.7071068 0 0.7071068 0 
6.959999 2.700001 -2.840012 0 -0.7071068 0 0.7071068 0 6.849998 2.700001 3.110001 0 -0.7071068 0 0.7071068 0 
6.959999 2.700001 -2.840012 0 -0.7071068 0 0.7071068 0 6.849998 2.700001 3.110001 0 -0.7071068 0 0.7071068 0 
6.959999 2.700001 -2.840012 0 -0.7071068 0 0.7071068 0 6.849998 2.700001 3.110001 0 -0.7071068 0 0.7071068 0 
6.959999 2.700001 -2.840012 0 -0.7071068 0 0.7071068 0 6.849998 2.700001 3.110001 0 -0.7071068 0 0.7071068 0 
6.959999 2.700001 -2.840012 0 -0.7071068 0 0.7071068 0 6.849998 2.700001 3.110001 0 -0.7071068 0 0.7071068 0 
6.959999 2.700001 -2.840012 0 -0.7071068 0 0.7071068 0 6.849998 2.700001 3.110001 0 -0.7071068 0 0.7071068 0 
6.959999 2.700001 -2.840012 0 -0.7071068 0 0.7071068 0 6.849998 2.700001 3.110001 0 -0.7071068 0 0.7071068 0 
6.959999 2.700001 -2.840012 0 -0.7071068 0 0.7071068 0 6.849998 2.700001 3.110001 0 -0.7071068 0 0.7071068 0 
6.959999 2.700001 -2.840012 0 -0.7071068 0 0.7071068 0 6.849998 2.700001 3.110001 0 -0.7071068 0 0.7071068 0 
6.959999 2.700001 -2.840012 0 -0.7071068 0 0.7071068 0 6.849998 2.700001 3.110001 0 -0.7071068 0 0.7071068 0 
6.959999 2.700001 -2.840012 0 -0.7071068 0 0.7071068 0 6.849998 2.700001 3.110001 0 -0.7071068 0 0.7071068 0 
6.959999 2.700001 -2.840012 0 -0.7071068 0 0.7071068 0 6.849998 2.700001 3.110001 0 -0.7071068 0 0.7071068 0 
6.959999 2.700001 -2.840012 0 -0.7071068 0 0.7071068 0 6.849998 2.700001 3.110001 0 -0.7071068 0 0.7071068 0 
6.959999 2.700001 -2.840012 0 -0.7071068 0 0.7071068 0 6.849998 2.700001 3.110001 0 -0.7071068 0 0.7071068 0 
6.959999 2.700001 -2.840012 0 -0.7071068 0 0.7071068 0 6.849998 2.700001 3.110001 0 -0.7071068 0 0.7071068 0 
6.959999 2.700001 -2.840012 0 -0.7071068 0 0.7071068 0 6.849998 2.700001 3.110001 0 -0.7071068 0 0.7071068 0 
6.959999 2.700001 -2.840012 0 -0.7071068 0 0.7071068 0 6.849998 2.700001 3.110001 0 -0.7071068 0 0.7071068 0 
6.959999 2.700001 -2.840012 0 -0.7071068 0 0.7071068 0 6.849998 2.700001 3.110001 0 -0.7071068 0 0.7071068 0 
6.959999 2.700001 -2.840012 0 -0.7071068 0 0.7071068 0 6.849998 2.700001 3.110001 0 -0.7071068 0 0.7071068 0 
6.959999 2.700001 -2.840012 0 -0.7071068 0 0.7071068 0 6.849998 2.700001 3.110001 0 -0.7071068 0 0.7071068 0 
6.959999 2.700001 -2.840012 0 -0.7071068 0 0.7071068 0 6.849998 2.700001 3.110001 0 -0.7071068 0 0.7071068 0 
6.959999 2.700001 -2.840012 0 -0.7071068 0 0.7071068 0 6.849998 2.700001 3.110001 0 -0.7071068 0 0.7071068 0 
6.959999 2.700001 -2.840012 0 -0.7071068 0 0.7071068 0 6.849998 2.700001 3.110001 0 -0.7071068 0 0.7071068 0 
6.959999 2.700001 -2.840012 0 -0.7071068 0 0.7071068 0 6.849998 2.700001 3.110001 0 -0.7071068 0 0.7071068 0 
6.959999 2.700001 -2.840012 0 -0.7071068 0 0.7071068 0 6.849998 2.700001 3.110001 0 -0.7071068 0 0.7071068 0 
6.959999 2.700001 -2.840012 0 -0.7071068 0 0.7071068 0 6.849998 2.700001 3.110001 0 -0.7071068 0 0.7071068 0 
6.959999 2.700001 -2.840012 0 -0.7071068 0 0.7071068 0 6.849998 2.700001 3.110001 0 -0.7071068 0 0.7071068 0 
6.959999 2.700001 -2.840012 0 -0.7071068 0 0.7071068 0 6.849998 2.700001 3.110001 0 -0.7071068 0 0.7071068 0 
6.959999 2.700001 -2.840012 0 -0.7071068 0 0.7071068 0 6.849998 2.700001 3.110001 0 -0.7071068 0 0.7071068 0 
6.959999 2.700001 -2.840012 0 -0.7071068 0 0.7071068 0 6.849998 2.700001 3.110001 0 -0.7071068 0 0.7071068 0 
6.959999 2.700001 -2.840012 0 -0.7071068 0 0.7071068 0 6.849998 2.700001 3.110001 0 -0.7071068 0 0.7071068 0 
6.959999 2.700001 -2.840012 0 -0.7071068 0 0.7071068 0 6.849998 2.700001 3.110001 0 -0.7071068 0 0.7071068 0 
6.959999 2.700001 -2.840012 0 -0.7071068 0 0.7071068 0 6.849998 2.700001 3.110001 0 -0.7071068 0 0.7071068 0 
6.959999 2.700001 -2.840012 0 -0.7071068 0 0.7071068 0 6.849998 2.700001 3.110001 0 -0.7071068 0 0.7071068 0 
6.959999 2.700001 -2.840012 0 -0.7071068 0 0.7071068 0 6.849998 2.700001 3.110001 0 -0.7071068 0 0.7071068 0 
6.959999 2.700001 -2.840012 0 -0.7071068 0 0.7071068 0 6.849998 2.700001 3.110001 0 -0.7071068 0 0.7071068 0 
6.959999 2.700001 -2.840012 0 -0.7071068 0 0.7071068 0 6.849998 2.700001 3.110001 0 -0.7071068 0 0.7071068 0 
6.959999 2.700001 -2.840012 0 -0.7071068 0 0.7071068 0 6.849998 2.700001 3.110001 0 -0.7071068 0 0.7071068 0 
6.959999 2.700001 -2.840012 0 -0.7071068 0 0.7071068 0 6.849998 2.700001 3.110001 0 -0.7071068 0 0.7071068 0 
6.959999 2.700001 -2.840012 0 -0.7071068 0 0.7071068 0 6.849998 2.700001 3.110001 0 -0.7071068 0 0.7071068 0 
6.959999 2.700001 -2.840012 0 -0.7071068 0 0.7071068 0 6.849998 2.700001 3.110001 0 -0.7071068 0 0.7071068 0 
6.959999 2.700001 -2.840012 0 -0.7071068 0 0.7071068 0 6.849998 2.700001 3.110001 0 -0.7071068 0 0.7071068 0 
6.959999 2.700001 -2.840012 0 -0.7071068 0 0.7071068 0 6.849998 2.700001 3.110001 0 -0.7071068 0 0.7071068 0 
6.959999 2.700001 -2.840012 0 -0.7071068 0 0.7071068 0 6.849998 2.700001 3.110001 0 -0.7071068 0 0.7071068 0 
6.959999 2.700001 -2.840012 0 -0.7071068 0 0.7071068 0 6.849998 2.700001 3.110001 0 -0.7071068 0 0.7071068 0 
6.959999 2.700001 -2.840012 0 -0.7071068 0 0.7071068 0 6.849998 2.700001 3.110001 0 -0.7071068 0 0.7071068 0 
6.959999 2.700001 -2.840012 0 -0.7071068 0 0.7071068 0 6.849998 2.700001 3.110001 0 -0.7071068 0 0.7071068 0 
6.959999 2.700001 -2.840012 0 -0.7071068 0 0.7071068 0 6.849998 2.700001 3.110001 0 -0.7071068 0 0.7071068 0 
6.959999 2.700001 -2.840012 0 -0.7071068 0 0.7071068 0 6.849998 2.700001 3.110001 0 -0.7071068 0 0.7071068 0 
6.959999 2.700001 -2.840012 0 -0.7071068 0 0.7071068 0 6.849998 2.700001 3.110001 0 -0.7071068 0 0.7071068 0 
6.959999 2.700001 -2.840012 0 -0.7071068 0 0.7071068 0 6.849998 2.700001 3.110001 0 -0.7071068 0 0.7071068 0 
6.959999 2.700001 -2.840012 0 -0.7071068 0 0.7071068 0 6.849998 2.700001 3.110001 0 -0.7071068 0 0.7071068 0 
6.959999 2.700001 -2.840012 0 -0.7071068 0 0.7071068 0 6.849998 2.700001 3.110001 0 -0.7071068 0 0.7071068 0 
6.959999 2.700001 -2.840012 0 -0.7071068 0 0.7071068 0 6.849998 2.700001 3.110001 0 -0.7071068 0 0.7071068 0 
6.959999 2.700001 -2.840012 0 -0.7071068 0 0.7071068 0 6.849998 2.700001 3.110001 0 -0.7071068 0 0.7071068 0 
6.959999 2.700001 -2.840012 0 -0.7071068 0 0.7071068 0 6.849998 2.700001 3.110001 0 -0.7071068 0 0.7071068 0 
6.959999 2.700001 -2.840012 0 -0.7071068 0 0.7071068 0 6.849998 2.700001 3.110001 0 -0.7071068 0 0.7071068 0 
6.959999 2.700001 -2.840012 0 -0.7071068 0 0.7071068 0 6.849998 2.700001 3.110001 0 -0.7071068 0 0.7071068 0 
6.959999 2.700001 -2.840012 0 -0.7071068 0 0.7071068 0 6.849998 2.700001 3.110001 0 -0.7071068 0 0.7071068 0 
6.959999 2.700001 -2.840012 0 -0.7071068 0 0.7071068 0 6.849998 2.700001 3.110001 0 -0.7071068 0 0.7071068 0 
6.959999 2.700001 -2.840012 0 -0.7071068 0 0.7071068 0 6.849998 2.700001 3.110001 0 -0.7071068 0 0.7071068 0 
6.959999 2.700001 -2.840012 0 -0.7071068 0 0.7071068 0 6.849998 2.700001 3.110001 0 -0.7071068 0 0.7071068 0 
6.959999 2.700001 -2.840012 0 -0.7071068 0 0.7071068 0 6.849998 2.700001 3.110001 0 -0.7071068 0 0.7071068 0 
7.010002 2.700001 -2.889999 0 -0.7071068 0 0.7071068 0 6.849998 2.700001 3.110001 0 -0.7071068 0 0.7071068 0 
7.350002 2.700001 -2.330002 0 -0.7071068 0 0.7071068 0 6.849998 2.700001 3.110001 0 -0.7071068 0 0.7071068 0 
7.950001 2.700001 -1.610001 0 -0.7071068 0 0.7071068 0 6.849998 2.700001 3.110001 0 -0.7071068 0 0.7071068 0 
8.23 2.700001 -1.340012 0 -0.7071068 0 0.7071068 0 6.849998 2.700001 3.110001 0 -0.7071068 0 0.7071068 0 
9.080002 2.700001 -0.9500122 0 -0.7071068 0 0.7071068 0 6.849998 2.700001 3.110001 0 -0.7071068 0 0.7071068 0 
9.670002 2.700001 -0.8500061 0 -0.7071068 0 0.7071068 0 6.849998 2.700001 3.110001 0 -0.7071068 0 0.7071068 0 
10.12 2.700001 -0.8800049 0 -0.7071068 0 0.7071068 0 6.849998 2.700001 3.110001 0 -0.7071068 0 0.7071068 0 
10.57 2.700001 -0.7100067 0 -0.7071068 0 0.7071068 0 6.849998 2.700001 3.110001 0 -0.7071068 0 0.7071068 0 
11.11 2.700001 -0.6900024 0 -0.7071068 0 0.7071068 0 6.849998 2.700001 3.110001 0 -0.7071068 0 0.7071068 0 
11.44 2.700001 -0.8400116 0 -0.7071068 0 0.7071068 0 6.849998 2.700001 3.110001 0 -0.7071068 0 0.7071068 0 
11.71 2.700001 -1.020004 0 -0.7071068 0 0.7071068 0 6.849998 2.700001 3.110001 0 -0.7071068 0 0.7071068 0 
12.03 2.700001 -1.470001 0 -0.7071068 0 0.7071068 0 6.849998 2.700001 3.110001 0 -0.7071068 0 0.7071068 0 
12.09 2.700001 -1.670013 0 -0.7071068 0 0.7071068 0 6.849998 2.700001 3.110001 0 -0.7071068 0 0.7071068 0 
12.16 2.700001 -2.12001 0 -0.7071068 0 0.7071068 0 6.849998 2.700001 3.110001 0 -0.7071068 0 0.7071068 0 
12.22 2.700001 -2.610001 0 -0.7071068 0 0.7071068 0 6.849998 2.700001 3.110001 0 -0.7071068 0 0.7071068 0 
12.18 2.700001 -3.37001 0 -0.7071068 0 0.7071068 0 6.849998 2.700001 3.110001 0 -0.7071068 0 0.7071068 0 
12.12 2.700001 -3.980011 0 -0.7071068 0 0.7071068 0 6.849998 2.700001 3.110001 0 -0.7071068 0 0.7071068 0 
11.96 2.700001 -5.01001 0 -0.7071068 0 0.7071068 0 6.849998 2.700001 3.110001 0 -0.7071068 0 0.7071068 0 
11.8 2.700001 -6.100006 0 -0.7071068 0 0.7071068 0 6.849998 2.700001 3.110001 0 -0.7071068 0 0.7071068 0 
11.52 2.700001 -7.480011 0 -0.7071068 0 0.7071068 0 6.849998 2.700001 3.110001 0 -0.7071068 0 0.7071068 0 
11.32 2.700001 -8.080002 0 -0.7071068 0 0.7071068 0 6.849998 2.700001 3.110001 0 -0.7071068 0 0.7071068 0 
11.02 2.700001 -8.920013 0 -0.7071068 0 0.7071068 0 6.849998 2.700001 3.110001 0 -0.7071068 0 0.7071068 0 
10.52 2.700001 -10 0 -0.7071068 0 0.7071068 0 6.849998 2.700001 3.110001 0 -0.7071068 0 0.7071068 0 
10.07 2.700001 -10.96001 0 -0.7071068 0 0.7071068 0 6.849998 2.700001 3.110001 0 -0.7071068 0 0.7071068 0 
9.610001 2.700001 -11.79001 0 -0.7071068 0 0.7071068 0 6.849998 2.700001 3.110001 0 -0.7071068 0 0.7071068 0 
9.190002 2.700001 -12.35001 0 -0.7071068 0 0.7071068 0 6.849998 2.700001 3.110001 0 -0.7071068 0 0.7071068 0 
8.73 2.700001 -12.78 0 -0.7071068 0 0.7071068 0 6.849998 2.700001 3.110001 0 -0.7071068 0 0.7071068 0 
8.369999 2.700001 -12.88 0 -0.7071068 0 0.7071068 0 6.849998 2.700001 3.110001 0 -0.7071068 0 0.7071068 0 
7.950001 2.700001 -12.94 0 -0.7071068 0 0.7071068 0 6.849998 2.700001 3.110001 0 -0.7071068 0 0.7071068 0 
7.280003 2.700001 -13.08002 0 -0.7071068 0 0.7071068 0 6.849998 2.700001 3.110001 0 -0.7071068 0 0.7071068 0 
6.950001 2.700001 -13.10001 0 -0.7071068 0 0.7071068 0 6.849998 2.700001 3.110001 0 -0.7071068 0 0.7071068 0 
6.440002 2.700001 -12.94 0 -0.7071068 0 0.7071068 0 6.849998 2.700001 3.110001 0 -0.7071068 0 0.7071068 0 
6.16 2.700001 -12.84 0 -0.7071068 0 0.7071068 0 6.849998 2.700001 3.110001 0 -0.7071068 0 0.7071068 0 
5.950001 2.700001 -12.63 0 -0.7071068 0 0.7071068 0 6.849998 2.700001 3.110001 0 -0.7071068 0 0.7071068 0 
5.880001 2.700001 -12.56 0 -0.7071068 0 0.7071068 0 6.849998 2.700001 3.110001 0 -0.7071068 0 0.7071068 0 
5.869999 2.700001 -12.20001 0 -0.7071068 0 0.7071068 0 6.849998 2.700001 3.110001 0 -0.7071068 0 0.7071068 0 
5.830002 2.700001 -11.64 0 -0.7071068 0 0.7071068 0 6.849998 2.700001 3.110001 0 -0.7071068 0 0.7071068 0 
5.950001 2.700001 -10.62001 0 -0.7071068 0 0.7071068 0 6.849998 2.700001 3.110001 0 -0.7071068 0 0.7071068 0 
6.09 2.700001 -9.840012 0 -0.7071068 0 0.7071068 0 6.849998 2.700001 3.110001 0 -0.7071068 0 0.7071068 0 
6.110001 2.700001 -9.700012 0 -0.7071068 0 0.7071068 0 6.849998 2.700001 3.110001 0 -0.7071068 0 0.7071068 0 
6.18 2.700001 -9.480011 0 -0.7071068 0 0.7071068 0 6.849998 2.700001 3.110001 0 -0.7071068 0 0.7071068 0 
6.34 2.700001 -8.930008 0 -0.7071068 0 0.7071068 0 6.849998 2.700001 3.110001 0 -0.7071068 0 0.7071068 0 
6.450001 2.700001 -8.5 0 -0.7071068 0 0.7071068 0 6.849998 2.700001 3.110001 0 -0.7071068 0 0.7071068 0 
6.52 2.700001 -8.300003 0 -0.7071068 0 0.7071068 0 6.849998 2.700001 3.110001 0 -0.7071068 0 0.7071068 0 
6.560001 2.700001 -8.090012 0 -0.7071068 0 0.7071068 0 6.849998 2.700001 3.110001 0 -0.7071068 0 0.7071068 0 
6.66 2.700001 -7.800003 0 -0.7071068 0 0.7071068 0 6.849998 2.700001 3.110001 0 -0.7071068 0 0.7071068 0 
6.690002 2.700001 -7.710007 0 -0.7071068 0 0.7071068 0 6.849998 2.700001 3.110001 0 -0.7071068 0 0.7071068 0 
6.720001 2.700001 -7.610001 0 -0.7071068 0 0.7071068 0 6.849998 2.700001 3.110001 0 -0.7071068 0 0.7071068 0 
6.720001 2.700001 -7.610001 0 -0.7071068 0 0.7071068 0 6.849998 2.700001 3.110001 0 -0.7071068 0 0.7071068 0 
6.75 2.700001 -7.520004 0 -0.7071068 0 0.7071068 0 6.849998 2.700001 3.110001 0 -0.7071068 0 0.7071068 0 
6.810001 2.700001 -7.340012 0 -0.7071068 0 0.7071068 0 6.849998 2.700001 3.110001 0 -0.7071068 0 0.7071068 0 
6.900002 2.700001 -7.070007 0 -0.7071068 0 0.7071068 0 6.849998 2.700001 3.110001 0 -0.7071068 0 0.7071068 0 
6.93 2.700001 -6.990005 0 -0.7071068 0 0.7071068 0 6.849998 2.700001 3.110001 0 -0.7071068 0 0.7071068 0 
6.93 2.700001 -6.990005 0 -0.7071068 0 0.7071068 0 6.849998 2.700001 3.110001 0 -0.7071068 0 0.7071068 0 
6.93 2.700001 -6.990005 0 -0.7071068 0 0.7071068 0 6.849998 2.700001 3.110001 0 -0.7071068 0 0.7071068 0 
6.93 2.700001 -6.990005 0 -0.7071068 0 0.7071068 0 6.849998 2.700001 3.110001 0 -0.7071068 0 0.7071068 0 
6.93 2.700001 -6.990005 0 -0.7071068 0 0.7071068 0 6.849998 2.700001 3.110001 0 -0.7071068 0 0.7071068 0 
6.93 2.700001 -6.990005 0 -0.7071068 0 0.7071068 0 6.849998 2.700001 3.110001 0 -0.7071068 0 0.7071068 0 
6.93 2.700001 -6.990005 0 -0.7071068 0 0.7071068 0 6.849998 2.700001 3.110001 0 -0.7071068 0 0.7071068 0 
6.93 2.700001 -6.990005 0 -0.7071068 0 0.7071068 0 6.849998 2.700001 3.110001 0 -0.7071068 0 0.7071068 0 
6.93 2.700001 -6.990005 0 -0.7071068 0 0.7071068 0 6.849998 2.700001 3.110001 0 -0.7071068 0 0.7071068 0 
6.93 2.700001 -6.990005 0 -0.7071068 0 0.7071068 0 6.849998 2.700001 3.110001 0 -0.7071068 0 0.7071068 0 
6.93 2.700001 -6.990005 0 -0.7071068 0 0.7071068 0 6.849998 2.700001 3.110001 0 -0.7071068 0 0.7071068 0 
6.93 2.700001 -6.990005 0 -0.7071068 0 0.7071068 0 6.849998 2.700001 3.110001 0 -0.7071068 0 0.7071068 0 
6.93 2.700001 -6.990005 0 -0.7071068 0 0.7071068 0 6.849998 2.700001 3.110001 0 -0.7071068 0 0.7071068 0 
6.93 2.700001 -6.990005 0 -0.7071068 0 0.7071068 0 6.849998 2.700001 3.110001 0 -0.7071068 0 0.7071068 0 
6.93 2.700001 -6.990005 0 -0.7071068 0 0.7071068 0 6.849998 2.700001 3.110001 0 -0.7071068 0 0.7071068 0 
6.93 2.700001 -6.990005 0 -0.7071068 0 0.7071068 0 6.849998 2.700001 3.110001 0 -0.7071068 0 0.7071068 0 
6.93 2.700001 -6.990005 0 -0.7071068 0 0.7071068 0 6.849998 2.700001 3.110001 0 -0.7071068 0 0.7071068 0 
6.93 2.700001 -6.990005 0 -0.7071068 0 0.7071068 0 6.849998 2.700001 3.110001 0 -0.7071068 0 0.7071068 0 
6.93 2.700001 -6.990005 0 -0.7071068 0 0.7071068 0 6.849998 2.700001 3.110001 0 -0.7071068 0 0.7071068 0 
6.93 2.700001 -6.990005 0 -0.7071068 0 0.7071068 0 6.849998 2.700001 3.110001 0 -0.7071068 0 0.7071068 0 
6.93 2.700001 -6.990005 0 -0.7071068 0 0.7071068 0 6.849998 2.700001 3.110001 0 -0.7071068 0 0.7071068 0 
6.93 2.700001 -6.990005 0 -0.7071068 0 0.7071068 0 6.849998 2.700001 3.110001 0 -0.7071068 0 0.7071068 0 
6.93 2.700001 -6.990005 0 -0.7071068 0 0.7071068 0 6.849998 2.700001 3.110001 0 -0.7071068 0 0.7071068 0 
6.93 2.700001 -6.990005 0 -0.7071068 0 0.7071068 0 6.849998 2.700001 3.110001 0 -0.7071068 0 0.7071068 0 
6.93 2.700001 -6.990005 0 -0.7071068 0 0.7071068 0 6.849998 2.700001 3.110001 0 -0.7071068 0 0.7071068 0 
6.93 2.700001 -6.990005 0 -0.7071068 0 0.7071068 0 6.849998 2.700001 3.110001 0 -0.7071068 0 0.7071068 0 
6.93 2.700001 -6.990005 0 -0.7071068 0 0.7071068 0 6.849998 2.700001 3.110001 0 -0.7071068 0 0.7071068 0 
6.93 2.700001 -6.990005 0 -0.7071068 0 0.7071068 0 6.849998 2.700001 3.110001 0 -0.7071068 0 0.7071068 0 
6.93 2.700001 -6.990005 0 -0.7071068 0 0.7071068 0 6.849998 2.700001 3.110001 0 -0.7071068 0 0.7071068 0 
6.93 2.700001 -6.990005 0 -0.7071068 0 0.7071068 0 6.849998 2.700001 3.110001 0 -0.7071068 0 0.7071068 0 
6.93 2.700001 -6.990005 0 -0.7071068 0 0.7071068 0 6.849998 2.700001 3.110001 0 -0.7071068 0 0.7071068 0 
6.93 2.700001 -6.990005 0 -0.7071068 0 0.7071068 0 6.849998 2.700001 3.110001 0 -0.7071068 0 0.7071068 0 
6.93 2.700001 -6.990005 0 -0.7071068 0 0.7071068 0 6.849998 2.700001 3.110001 0 -0.7071068 0 0.7071068 0 
6.93 2.700001 -6.990005 0 -0.7071068 0 0.7071068 0 6.849998 2.700001 3.110001 0 -0.7071068 0 0.7071068 0 
6.93 2.700001 -6.990005 0 -0.7071068 0 0.7071068 0 6.849998 2.700001 3.110001 0 -0.7071068 0 0.7071068 0 
6.93 2.700001 -6.990005 0 -0.7071068 0 0.7071068 0 6.849998 2.700001 3.110001 0 -0.7071068 0 0.7071068 0 
6.93 2.700001 -6.990005 0 -0.7071068 0 0.7071068 0 6.849998 2.700001 3.110001 0 -0.7071068 0 0.7071068 0 
6.93 2.700001 -6.990005 0 -0.7071068 0 0.7071068 0 6.849998 2.700001 3.110001 0 -0.7071068 0 0.7071068 0 
6.93 2.700001 -6.990005 0 -0.7071068 0 0.7071068 0 6.849998 2.700001 3.110001 0 -0.7071068 0 0.7071068 0 
6.93 2.700001 -6.990005 0 -0.7071068 0 0.7071068 0 6.849998 2.700001 3.110001 0 -0.7071068 0 0.7071068 0 
6.93 2.700001 -6.990005 0 -0.7071068 0 0.7071068 0 6.849998 2.700001 3.110001 0 -0.7071068 0 0.7071068 0 
6.93 2.700001 -6.990005 0 -0.7071068 0 0.7071068 0 6.849998 2.700001 3.110001 0 -0.7071068 0 0.7071068 0 
6.93 2.700001 -6.990005 0 -0.7071068 0 0.7071068 0 6.849998 2.700001 3.110001 0 -0.7071068 0 0.7071068 0 
6.93 2.700001 -6.990005 0 -0.7071068 0 0.7071068 0 6.849998 2.700001 3.110001 0 -0.7071068 0 0.7071068 0 
6.93 2.700001 -6.990005 0 -0.7071068 0 0.7071068 0 6.849998 2.700001 3.110001 0 -0.7071068 0 0.7071068 0 
6.93 2.700001 -6.990005 0 -0.7071068 0 0.7071068 0 6.849998 2.700001 3.110001 0 -0.7071068 0 0.7071068 0 
6.93 2.700001 -6.990005 0 -0.7071068 0 0.7071068 0 6.849998 2.700001 3.110001 0 -0.7071068 0 0.7071068 0 
6.93 2.700001 -6.990005 0 -0.7071068 0 0.7071068 0 6.849998 2.700001 3.110001 0 -0.7071068 0 0.7071068 0 
6.93 2.700001 -6.990005 0 -0.7071068 0 0.7071068 0 6.849998 2.700001 3.110001 0 -0.7071068 0 0.7071068 0 
6.93 2.700001 -6.990005 0 -0.7071068 0 0.7071068 0 6.849998 2.700001 3.110001 0 -0.7071068 0 0.7071068 0 
6.93 2.700001 -6.990005 0 -0.7071068 0 0.7071068 0 6.849998 2.700001 3.110001 0 -0.7071068 0 0.7071068 0 
6.93 2.700001 -6.990005 0 -0.7071068 0 0.7071068 0 6.849998 2.700001 3.110001 0 -0.7071068 0 0.7071068 0 
6.93 2.700001 -6.990005 0 -0.7071068 0 0.7071068 0 6.849998 2.700001 3.110001 0 -0.7071068 0 0.7071068 0 
6.93 2.700001 -6.990005 0 -0.7071068 0 0.7071068 0 6.849998 2.700001 3.110001 0 -0.7071068 0 0.7071068 0 
6.93 2.700001 -6.990005 0 -0.7071068 0 0.7071068 0 6.849998 2.700001 3.110001 0 -0.7071068 0 0.7071068 0 
6.93 2.700001 -6.990005 0 -0.7071068 0 0.7071068 0 6.849998 2.700001 3.110001 0 -0.7071068 0 0.7071068 0 
6.93 2.700001 -6.990005 0 -0.7071068 0 0.7071068 0 6.849998 2.700001 3.110001 0 -0.7071068 0 0.7071068 0 
6.93 2.700001 -6.990005 0 -0.7071068 0 0.7071068 0 6.849998 2.700001 3.110001 0 -0.7071068 0 0.7071068 0 
6.93 2.700001 -6.990005 0 -0.7071068 0 0.7071068 0 6.849998 2.700001 3.110001 0 -0.7071068 0 0.7071068 0 
6.93 2.700001 -6.990005 0 -0.7071068 0 0.7071068 0 6.849998 2.700001 3.110001 0 -0.7071068 0 0.7071068 0 
6.93 2.700001 -6.990005 0 -0.7071068 0 0.7071068 0 6.849998 2.700001 3.110001 0 -0.7071068 0 0.7071068 0 
6.93 2.700001 -6.990005 0 -0.7071068 0 0.7071068 0 6.849998 2.700001 3.110001 0 -0.7071068 0 0.7071068 0 
6.93 2.700001 -6.990005 0 -0.7071068 0 0.7071068 0 6.849998 2.700001 3.110001 0 -0.7071068 0 0.7071068 0 
6.93 2.700001 -6.990005 0 -0.7071068 0 0.7071068 0 6.849998 2.700001 3.110001 0 -0.7071068 0 0.7071068 0 
6.93 2.700001 -6.990005 0 -0.7071068 0 0.7071068 0 6.849998 2.700001 3.110001 0 -0.7071068 0 0.7071068 0 
6.93 2.700001 -6.990005 0 -0.7071068 0 0.7071068 0 6.849998 2.700001 3.110001 0 -0.7071068 0 0.7071068 0 
6.93 2.700001 -6.990005 0 -0.7071068 0 0.7071068 0 6.849998 2.700001 3.110001 0 -0.7071068 0 0.7071068 0 
6.93 2.700001 -6.990005 0 -0.7071068 0 0.7071068 0 6.849998 2.700001 3.110001 0 -0.7071068 0 0.7071068 0 
6.93 2.700001 -6.990005 0 -0.7071068 0 0.7071068 0 6.849998 2.700001 3.110001 0 -0.7071068 0 0.7071068 0 
6.93 2.700001 -6.990005 0 -0.7071068 0 0.7071068 0 6.849998 2.700001 3.110001 0 -0.7071068 0 0.7071068 0 
6.93 2.700001 -6.990005 0 -0.7071068 0 0.7071068 0 6.849998 2.700001 3.110001 0 -0.7071068 0 0.7071068 0 
6.93 2.700001 -6.990005 0 -0.7071068 0 0.7071068 0 6.849998 2.700001 3.110001 0 -0.7071068 0 0.7071068 0 
6.93 2.700001 -6.990005 0 -0.7071068 0 0.7071068 0 6.849998 2.700001 3.110001 0 -0.7071068 0 0.7071068 0 
6.93 2.700001 -6.990005 0 -0.7071068 0 0.7071068 0 6.849998 2.700001 3.110001 0 -0.7071068 0 0.7071068 0 
6.93 2.700001 -6.990005 0 -0.7071068 0 0.7071068 0 6.849998 2.700001 3.110001 0 -0.7071068 0 0.7071068 0 
6.93 2.700001 -6.990005 0 -0.7071068 0 0.7071068 0 6.849998 2.700001 3.110001 0 -0.7071068 0 0.7071068 0 
6.93 2.700001 -6.990005 0 -0.7071068 0 0.7071068 0 6.849998 2.700001 3.110001 0 -0.7071068 0 0.7071068 0 
6.93 2.700001 -6.990005 0 -0.7071068 0 0.7071068 0 6.849998 2.700001 3.110001 0 -0.7071068 0 0.7071068 0 
6.93 2.700001 -6.990005 0 -0.7071068 0 0.7071068 0 6.849998 2.700001 3.110001 0 -0.7071068 0 0.7071068 0 
6.93 2.700001 -6.990005 0 -0.7071068 0 0.7071068 0 6.849998 2.700001 3.110001 0 -0.7071068 0 0.7071068 0 
6.93 2.700001 -6.990005 0 -0.7071068 0 0.7071068 0 6.849998 2.700001 3.110001 0 -0.7071068 0 0.7071068 0 
6.93 2.700001 -6.990005 0 -0.7071068 0 0.7071068 0 6.849998 2.700001 3.110001 0 -0.7071068 0 0.7071068 0 
6.93 2.700001 -6.990005 0 -0.7071068 0 0.7071068 0 6.849998 2.700001 3.110001 0 -0.7071068 0 0.7071068 0 
6.93 2.700001 -6.990005 0 -0.7071068 0 0.7071068 0 6.849998 2.700001 3.110001 0 -0.7071068 0 0.7071068 0 
6.93 2.700001 -6.990005 0 -0.7071068 0 0.7071068 0 6.849998 2.700001 3.110001 0 -0.7071068 0 0.7071068 0 
6.93 2.700001 -6.990005 0 -0.7071068 0 0.7071068 0 6.849998 2.700001 3.110001 0 -0.7071068 0 0.7071068 0 
6.93 2.700001 -6.990005 0 -0.7071068 0 0.7071068 0 6.849998 2.700001 3.110001 0 -0.7071068 0 0.7071068 0 
6.93 2.700001 -6.990005 0 -0.7071068 0 0.7071068 0 6.849998 2.700001 3.110001 0 -0.7071068 0 0.7071068 0 
6.93 2.700001 -6.990005 0 -0.7071068 0 0.7071068 0 6.849998 2.700001 3.110001 0 -0.7071068 0 0.7071068 0 
6.93 2.700001 -6.990005 0 -0.7071068 0 0.7071068 0 6.849998 2.700001 3.110001 0 -0.7071068 0 0.7071068 0 
6.93 2.700001 -6.990005 0 -0.7071068 0 0.7071068 0 6.849998 2.700001 3.110001 0 -0.7071068 0 0.7071068 0 
6.93 2.700001 -6.990005 0 -0.7071068 0 0.7071068 0 6.849998 2.700001 3.110001 0 -0.7071068 0 0.7071068 0 
6.93 2.700001 -6.990005 0 -0.7071068 0 0.7071068 0 6.849998 2.700001 3.110001 0 -0.7071068 0 0.7071068 0 
6.93 2.700001 -6.990005 0 -0.7071068 0 0.7071068 0 6.849998 2.700001 3.110001 0 -0.7071068 0 0.7071068 0 
6.93 2.700001 -6.990005 0 -0.7071068 0 0.7071068 0 6.849998 2.700001 3.110001 0 -0.7071068 0 0.7071068 0 
6.93 2.700001 -6.990005 0 -0.7071068 0 0.7071068 0 6.849998 2.700001 3.110001 0 -0.7071068 0 0.7071068 0 
6.93 2.700001 -6.990005 0 -0.7071068 0 0.7071068 0 6.849998 2.700001 3.110001 0 -0.7071068 0 0.7071068 0 
6.93 2.700001 -6.990005 0 -0.7071068 0 0.7071068 0 6.849998 2.700001 3.110001 0 -0.7071068 0 0.7071068 0 
6.93 2.700001 -6.990005 0 -0.7071068 0 0.7071068 0 6.849998 2.700001 3.110001 0 -0.7071068 0 0.7071068 0 
6.93 2.700001 -6.990005 0 -0.7071068 0 0.7071068 0 6.849998 2.700001 3.110001 0 -0.7071068 0 0.7071068 0 
6.93 2.700001 -6.990005 0 -0.7071068 0 0.7071068 0 6.849998 2.700001 3.110001 0 -0.7071068 0 0.7071068 0 
6.93 2.700001 -6.990005 0 -0.7071068 0 0.7071068 0 6.849998 2.700001 3.110001 0 -0.7071068 0 0.7071068 0 
6.93 2.700001 -6.990005 0 -0.7071068 0 0.7071068 0 6.849998 2.700001 3.110001 0 -0.7071068 0 0.7071068 0 
6.93 2.700001 -6.990005 0 -0.7071068 0 0.7071068 0 6.849998 2.700001 3.110001 0 -0.7071068 0 0.7071068 0 
6.93 2.700001 -6.990005 0 -0.7071068 0 0.7071068 0 6.849998 2.700001 3.110001 0 -0.7071068 0 0.7071068 0 
6.93 2.700001 -6.990005 0 -0.7071068 0 0.7071068 0 6.849998 2.700001 3.110001 0 -0.7071068 0 0.7071068 0 
6.93 2.700001 -6.990005 0 -0.7071068 0 0.7071068 0 6.849998 2.700001 3.110001 0 -0.7071068 0 0.7071068 0 
6.93 2.700001 -6.990005 0 -0.7071068 0 0.7071068 0 6.849998 2.700001 3.110001 0 -0.7071068 0 0.7071068 0 
6.93 2.700001 -6.990005 0 -0.7071068 0 0.7071068 0 6.849998 2.700001 3.110001 0 -0.7071068 0 0.7071068 0 
6.93 2.700001 -6.990005 0 -0.7071068 0 0.7071068 0 6.849998 2.700001 3.110001 0 -0.7071068 0 0.7071068 0 
6.93 2.700001 -6.990005 0 -0.7071068 0 0.7071068 0 6.849998 2.700001 3.110001 0 -0.7071068 0 0.7071068 0 
6.93 2.700001 -6.990005 0 -0.7071068 0 0.7071068 0 6.849998 2.700001 3.110001 0 -0.7071068 0 0.7071068 0 
6.93 2.700001 -6.990005 0 -0.7071068 0 0.7071068 0 6.849998 2.700001 3.110001 0 -0.7071068 0 0.7071068 0 
6.93 2.700001 -6.990005 0 -0.7071068 0 0.7071068 0 6.849998 2.700001 3.110001 0 -0.7071068 0 0.7071068 0 
6.93 2.700001 -6.990005 0 -0.7071068 0 0.7071068 0 6.849998 2.700001 3.110001 0 -0.7071068 0 0.7071068 0 
6.93 2.700001 -6.990005 0 -0.7071068 0 0.7071068 0 6.849998 2.700001 3.110001 0 -0.7071068 0 0.7071068 0 
6.93 2.700001 -6.990005 0 -0.7071068 0 0.7071068 0 6.849998 2.700001 3.110001 0 -0.7071068 0 0.7071068 0 
6.93 2.700001 -6.990005 0 -0.7071068 0 0.7071068 0 6.849998 2.700001 3.110001 0 -0.7071068 0 0.7071068 0 
6.93 2.700001 -6.990005 0 -0.7071068 0 0.7071068 0 6.849998 2.700001 3.110001 0 -0.7071068 0 0.7071068 0 
6.93 2.700001 -6.990005 0 -0.7071068 0 0.7071068 0 6.849998 2.700001 3.110001 0 -0.7071068 0 0.7071068 0 
6.93 2.700001 -6.990005 0 -0.7071068 0 0.7071068 0 6.849998 2.700001 3.110001 0 -0.7071068 0 0.7071068 0 
6.93 2.700001 -6.990005 0 -0.7071068 0 0.7071068 0 6.849998 2.700001 3.110001 0 -0.7071068 0 0.7071068 0 
6.93 2.700001 -6.990005 0 -0.7071068 0 0.7071068 0 6.849998 2.700001 3.110001 0 -0.7071068 0 0.7071068 0 
6.93 2.700001 -6.990005 0 -0.7071068 0 0.7071068 0 6.849998 2.700001 3.110001 0 -0.7071068 0 0.7071068 0 
6.93 2.700001 -6.990005 0 -0.7071068 0 0.7071068 0 6.849998 2.700001 3.110001 0 -0.7071068 0 0.7071068 0 
6.93 2.700001 -6.990005 0 -0.7071068 0 0.7071068 0 6.849998 2.700001 3.110001 0 -0.7071068 0 0.7071068 0 
6.93 2.700001 -6.990005 0 -0.7071068 0 0.7071068 0 6.849998 2.700001 3.110001 0 -0.7071068 0 0.7071068 0 
6.93 2.700001 -6.990005 0 -0.7071068 0 0.7071068 0 6.849998 2.700001 3.110001 0 -0.7071068 0 0.7071068 0 
6.93 2.700001 -6.990005 0 -0.7071068 0 0.7071068 0 6.849998 2.700001 3.110001 0 -0.7071068 0 0.7071068 0 
6.93 2.700001 -6.990005 0 -0.7071068 0 0.7071068 0 6.849998 2.700001 3.110001 0 -0.7071068 0 0.7071068 0 
6.93 2.700001 -6.990005 0 -0.7071068 0 0.7071068 0 6.849998 2.700001 3.110001 0 -0.7071068 0 0.7071068 0 
6.93 2.700001 -6.990005 0 -0.7071068 0 0.7071068 0 6.849998 2.700001 3.110001 0 -0.7071068 0 0.7071068 0 
6.93 2.700001 -6.990005 0 -0.7071068 0 0.7071068 0 6.849998 2.700001 3.110001 0 -0.7071068 0 0.7071068 0 
6.93 2.700001 -6.990005 0 -0.7071068 0 0.7071068 0 6.849998 2.700001 3.110001 0 -0.7071068 0 0.7071068 0 
6.93 2.700001 -6.990005 0 -0.7071068 0 0.7071068 0 6.849998 2.700001 3.110001 0 -0.7071068 0 0.7071068 0 
6.93 2.700001 -6.990005 0 -0.7071068 0 0.7071068 0 6.849998 2.700001 3.110001 0 -0.7071068 0 0.7071068 0 
6.93 2.700001 -6.990005 0 -0.7071068 0 0.7071068 0 6.849998 2.700001 3.110001 0 -0.7071068 0 0.7071068 0 
6.93 2.700001 -6.990005 0 -0.7071068 0 0.7071068 0 6.849998 2.700001 3.110001 0 -0.7071068 0 0.7071068 0 
6.93 2.700001 -6.990005 0 -0.7071068 0 0.7071068 0 6.849998 2.700001 3.110001 0 -0.7071068 0 0.7071068 0 
6.93 2.700001 -6.990005 0 -0.7071068 0 0.7071068 0 6.849998 2.700001 3.110001 0 -0.7071068 0 0.7071068 0 
6.93 2.700001 -6.990005 0 -0.7071068 0 0.7071068 0 6.849998 2.700001 3.110001 0 -0.7071068 0 0.7071068 0 
6.93 2.700001 -6.990005 0 -0.7071068 0 0.7071068 0 6.849998 2.700001 3.110001 0 -0.7071068 0 0.7071068 0 
6.93 2.700001 -6.990005 0 -0.7071068 0 0.7071068 0 6.849998 2.700001 3.110001 0 -0.7071068 0 0.7071068 0 
6.93 2.700001 -6.990005 0 -0.7071068 0 0.7071068 0 6.849998 2.700001 3.110001 0 -0.7071068 0 0.7071068 0 
6.93 2.700001 -6.990005 0 -0.7071068 0 0.7071068 0 6.849998 2.700001 3.110001 0 -0.7071068 0 0.7071068 0 
6.93 2.700001 -6.990005 0 -0.7071068 0 0.7071068 0 6.849998 2.700001 3.110001 0 -0.7071068 0 0.7071068 0 
6.93 2.700001 -6.990005 0 -0.7071068 0 0.7071068 0 6.849998 2.700001 3.110001 0 -0.7071068 0 0.7071068 0 
6.93 2.700001 -6.990005 0 -0.7071068 0 0.7071068 0 6.849998 2.700001 3.110001 0 -0.7071068 0 0.7071068 0 
6.93 2.700001 -6.990005 0 -0.7071068 0 0.7071068 0 6.849998 2.700001 3.110001 0 -0.7071068 0 0.7071068 0 
6.93 2.700001 -6.990005 0 -0.7071068 0 0.7071068 0 6.849998 2.700001 3.110001 0 -0.7071068 0 0.7071068 0 
6.93 2.700001 -6.990005 0 -0.7071068 0 0.7071068 0 6.849998 2.700001 3.110001 0 -0.7071068 0 0.7071068 0 
