-4 2
4.07291 9.379444 -0.03115845 -0.1887644 0.6985335 -0.2325804 0.6498657 0 4.039425 11.62303 0.7278595 -0.05872843 -0.7208151 0.1357717 -0.6771578 0 
4.07291 9.379444 -0.03115845 -0.1887644 0.6985335 -0.2325804 0.6498657 0 4.039425 11.62303 0.7278595 -0.05872843 -0.7208151 0.1357717 -0.6771578 0 
4.005936 9.334797 0.03581238 -0.1920882 0.6996332 -0.2324391 0.6477558 0 3.994778 11.63419 0.6943665 -0.071945 -0.7143904 0.1314852 -0.683507 0 
4.005936 9.334797 0.03581238 -0.1920882 0.6996332 -0.2324391 0.6477558 0 3.994778 11.63419 0.6943665 -0.071945 -0.7143904 0.1314852 -0.683507 0 
3.938965 9.29015 0.05813599 -0.1949341 0.6987531 -0.2310947 0.6483364 0 3.927803 11.67884 0.5939178 -0.08344905 -0.70441 0.1270614 -0.693324 0 
3.938965 9.29015 0.05813599 -0.1949341 0.6987531 -0.2310947 0.6483364 0 3.927803 11.67884 0.5939178 -0.08344905 -0.70441 0.1270614 -0.693324 0 
3.860832 9.223175 0.1139526 -0.1992396 0.6988596 -0.2284304 0.6478569 0 3.860828 11.64535 0.526947 -0.09049116 -0.6965701 0.1257365 -0.7005654 0 
3.860832 9.223175 0.1139526 -0.1992396 0.6988596 -0.2284304 0.6478569 0 3.860828 11.64535 0.526947 -0.09049116 -0.6965701 0.1257365 -0.7005654 0 
3.760372 9.133877 0.2255707 -0.2045311 0.7040319 -0.2219031 0.642857 0 3.771534 11.62303 0.5381012 -0.09454811 -0.6953688 0.1228228 -0.7017389 0 
3.760372 9.133877 0.2255707 -0.2045311 0.7040319 -0.2219031 0.642857 0 3.771534 11.62303 0.5381012 -0.09454811 -0.6953688 0.1228228 -0.7017389 0 
3.760372 9.133877 0.2255707 -0.2045311 0.7040319 -0.2219031 0.642857 0 3.771534 11.62303 0.5381012 -0.09454811 -0.6953688 0.1228228 -0.7017389 0 
3.659912 9.122715 0.3706665 -0.2079479 0.7119426 -0.2156972 0.6351143 0 3.715725 11.69 0.6162415 -0.09865984 -0.6998729 0.1175557 -0.697585 0 
3.659912 9.122715 0.3706665 -0.2079479 0.7119426 -0.2156972 0.6351143 0 3.715725 11.69 0.6162415 -0.09865984 -0.6998729 0.1175557 -0.697585 0 
3.581779 9.111553 0.4711304 -0.2124712 0.7162189 -0.2123594 0.6299127 0 3.659912 11.70116 0.6832123 -0.1006862 -0.7031763 0.1160536 -0.6942169 0 
3.581779 9.111553 0.4711304 -0.2124712 0.7162189 -0.2123594 0.6299127 0 3.659912 11.70116 0.6832123 -0.1006862 -0.7031763 0.1160536 -0.6942169 0 
3.581779 9.111553 0.4711304 -0.2124712 0.7162189 -0.2123594 0.6299127 0 3.659912 11.70116 0.6832123 -0.1006862 -0.7031763 0.1160536 -0.6942169 0 
3.503643 9.122715 0.6162415 -0.2151156 0.7255096 -0.2115654 0.6185476 0 3.592937 11.73465 0.7278595 -0.1011397 -0.7077731 0.1219634 -0.6884425 0 
3.503643 9.122715 0.6162415 -0.2151156 0.7255096 -0.2115654 0.6185476 0 3.592937 11.73465 0.7278595 -0.1011397 -0.7077731 0.1219634 -0.6884425 0 
3.414349 9.223175 0.7836761 -0.2092842 0.7413218 -0.2123927 0.6012748 0 3.54829 11.91324 0.8618011 -0.1075465 -0.7190236 0.1374587 -0.6727138 0 
3.414349 9.223175 0.7836761 -0.2092842 0.7413218 -0.2123927 0.6012748 0 3.54829 11.91324 0.8618011 -0.1075465 -0.7190236 0.1374587 -0.6727138 0 
3.336208 9.29015 0.7278595 -0.2007857 0.7416171 -0.2122497 0.6038536 0 3.514805 12.03603 0.8394775 -0.111586 -0.7195449 0.152072 -0.6683396 0 
3.336208 9.29015 0.7278595 -0.2007857 0.7416171 -0.2122497 0.6038536 0 3.514805 12.03603 0.8394775 -0.111586 -0.7195449 0.152072 -0.6683396 0 
3.336208 9.29015 0.7278595 -0.2007857 0.7416171 -0.2122497 0.6038536 0 3.514805 12.03603 0.8394775 -0.111586 -0.7195449 0.152072 -0.6683396 0 
3.246914 9.401768 0.7725067 -0.1910882 0.747294 -0.2112867 0.600329 0 3.514805 12.25927 0.9957581 -0.1146181 -0.7281974 0.1664522 -0.6548931 0 
3.246914 9.401768 0.7725067 -0.1910882 0.747294 -0.2112867 0.600329 0 3.514805 12.25927 0.9957581 -0.1146181 -0.7281974 0.1664522 -0.6548931 0 
3.202267 9.580364 1.073883 -0.1807645 0.7651478 -0.205691 0.5827215 0 3.514805 12.25927 0.9957581 -0.1146181 -0.7281974 0.1664522 -0.6548931 0 
3.202267 9.580364 1.073883 -0.1807645 0.7651478 -0.205691 0.5827215 0 3.559452 12.38205 1.319458 -0.1209139 -0.7423223 0.1711322 -0.6364364 0 
3.202267 9.580364 1.073883 -0.1807645 0.7651478 -0.205691 0.5827215 0 3.559452 12.38205 1.319458 -0.1209139 -0.7423223 0.1711322 -0.6364364 0 
3.191105 9.669659 1.241318 -0.1781819 0.7719145 -0.2017837 0.575919 0 3.514805 12.32624 1.475723 -0.1190466 -0.748106 0.1605029 -0.632775 0 
3.191105 9.669659 1.241318 -0.1781819 0.7719145 -0.2017837 0.575919 0 3.514805 12.32624 1.475723 -0.1190466 -0.748106 0.1605029 -0.632775 0 
3.191105 9.669659 1.241318 -0.1781819 0.7719145 -0.2017837 0.575919 0 3.514805 12.32624 1.475723 -0.1190466 -0.748106 0.1605029 -0.632775 0 
3.157619 9.747795 1.163177 0.1744428 -0.7660766 0.2084959 -0.582431 0 3.44783 12.23695 1.4534 -0.1099546 -0.7438939 0.1502801 -0.6418316 0 
3.157619 9.747795 1.163177 0.1744428 -0.7660766 0.2084959 -0.582431 0 3.44783 12.23695 1.4534 -0.1099546 -0.7438939 0.1502801 -0.6418316 0 
3.157619 9.959873 1.096207 0.1649202 -0.7596343 0.2217665 -0.5887076 0 3.380859 12.23695 1.44223 -0.1000029 -0.740733 0.1474803 -0.6477373 0 
3.157619 9.959873 1.096207 0.1649202 -0.7596343 0.2217665 -0.5887076 0 3.380859 12.23695 1.44223 -0.1000029 -0.740733 0.1474803 -0.6477373 0 
3.157619 9.959873 1.096207 0.1649202 -0.7596343 0.2217665 -0.5887076 0 3.380859 12.23695 1.44223 -0.1000029 -0.740733 0.1474803 -0.6477373 0 
3.168781 10.22776 1.196671 0.1554485 -0.7634891 0.2277193 -0.584007 0 3.369698 12.29276 1.44223 -0.09575456 -0.7380052 0.1506814 -0.6507493 0 
3.168781 10.22776 1.196671 0.1554485 -0.7634891 0.2277193 -0.584007 0 3.369698 12.29276 1.44223 -0.09575456 -0.7380052 0.1506814 -0.6507493 0 
3.168781 10.50682 1.196671 0.1501516 -0.7625612 0.2373446 -0.5827714 0 3.313885 12.39322 1.308289 -0.08129439 -0.7290857 0.1566424 -0.6612778 0 
3.168781 10.50682 1.196671 0.1501516 -0.7625612 0.2373446 -0.5827714 0 3.313885 12.39322 1.308289 -0.08129439 -0.7290857 0.1566424 -0.6612778 0 
3.168781 10.50682 1.196671 0.1501516 -0.7625612 0.2373446 -0.5827714 0 3.313885 12.39322 1.308289 -0.08129439 -0.7290857 0.1566424 -0.6612778 0 
3.191105 10.79703 1.196671 0.1468028 -0.763583 0.2479065 -0.5778688 0 3.280399 12.516 1.218994 -0.06987771 -0.7254546 0.1627425 -0.6650922 0 
3.191105 10.79703 1.196671 0.1468028 -0.763583 0.2479065 -0.5778688 0 3.280399 12.516 1.218994 -0.06987771 -0.7254546 0.1627425 -0.6650922 0 
3.179943 11.03144 1.218994 0.1485066 -0.7669408 0.2566635 -0.5690971 0 3.269238 12.67227 1.152023 -0.06559726 -0.7245688 0.1691011 -0.6649075 0 
3.179943 11.03144 1.218994 0.1485066 -0.7669408 0.2566635 -0.5690971 0 3.269238 12.67227 1.152023 -0.06559726 -0.7245688 0.1691011 -0.6649075 0 
3.179943 11.03144 1.218994 0.1485066 -0.7669408 0.2566635 -0.5690971 0 3.269238 12.67227 1.152023 -0.06559726 -0.7245688 0.1691011 -0.6649075 0 
3.179943 11.17654 1.185516 0.1641418 -0.7647223 0.2733559 -0.5599411 0 3.22459 12.76156 1.029236 -0.0506511 -0.7223158 0.1764005 -0.6667663 0 
3.179943 11.17654 1.185516 0.1641418 -0.7647223 0.2733559 -0.5599411 0 3.22459 12.76156 1.029236 -0.0506511 -0.7223158 0.1764005 -0.6667663 0 
3.191105 11.35514 1.073883 0.1817747 -0.7554115 0.30026 -0.5533132 0 3.191105 12.7504 0.8729706 -0.02483886 -0.7146378 0.1897146 -0.6728182 0 
3.191105 11.35514 1.073883 0.1817747 -0.7554115 0.30026 -0.5533132 0 3.191105 12.7504 0.8729706 -0.02483886 -0.7146378 0.1897146 -0.6728182 0 
3.191105 11.35514 1.073883 0.1817747 -0.7554115 0.30026 -0.5533132 0 3.191105 12.7504 0.8729706 -0.02483886 -0.7146378 0.1897146 -0.6728182 0 
3.179943 11.56722 0.962265 0.1799749 -0.7466235 0.306319 -0.5624332 0 3.191105 12.88435 0.7948303 -0.01398313 -0.7084685 0.1944296 -0.6782876 0 
3.179943 11.56722 0.962265 0.1799749 -0.7466235 0.306319 -0.5624332 0 3.191105 12.88435 0.7948303 -0.01398313 -0.7084685 0.1944296 -0.6782876 0 
3.179943 11.83511 0.9734344 0.1726733 -0.7468882 0.3061849 -0.5644403 0 3.22459 13.08527 0.8171539 -0.0137625 -0.7065418 0.1984688 -0.6791314 0 
3.179943 11.83511 0.9734344 0.1726733 -0.7468882 0.3061849 -0.5644403 0 3.22459 13.08527 0.8171539 -0.0137625 -0.7065418 0.1984688 -0.6791314 0 
3.179943 11.83511 0.9734344 0.1726733 -0.7468882 0.3061849 -0.5644403 0 3.22459 13.08527 0.8171539 -0.0137625 -0.7065418 0.1984688 -0.6791314 0 
3.191105 12.12532 0.8729706 0.1675342 -0.7434213 0.3153832 -0.5655004 0 3.213428 13.31967 0.7948303 -0.009534158 -0.7041129 0.2078422 -0.6789225 0 
3.191105 12.12532 0.8729706 0.1675342 -0.7434213 0.3153832 -0.5655004 0 3.213428 13.31967 0.7948303 -0.009534158 -0.7041129 0.2078422 -0.6789225 0 
3.202267 12.3374 0.7390289 0.160803 -0.7401499 0.3224623 -0.5677488 0 3.202267 13.50943 0.6497192 -0.007610158 -0.7011639 0.2152901 -0.6796774 0 
3.202267 12.3374 0.7390289 0.160803 -0.7401499 0.3224623 -0.5677488 0 3.202267 13.50943 0.6497192 -0.007610158 -0.7011639 0.2152901 -0.6796774 0 
3.202267 12.3374 0.7390289 0.160803 -0.7401499 0.3224623 -0.5677488 0 3.202267 13.50943 0.6497192 -0.007610158 -0.7011639 0.2152901 -0.6796774 0 
3.179943 12.46019 0.6720581 0.1587276 -0.7412917 0.3236442 -0.5661684 0 3.22459 13.60988 0.526947 -0.008507141 -0.6985894 0.220162 -0.6807564 0 
3.179943 12.46019 0.6720581 0.1587276 -0.7412917 0.3236442 -0.5661684 0 3.22459 13.60988 0.526947 -0.008507141 -0.6985894 0.220162 -0.6807564 0 
3.135296 12.52716 0.6274109 0.1596644 -0.7421492 0.3227538 -0.5652892 0 3.179939 13.68802 0.4264832 -0.0085546 -0.696619 0.222059 -0.6821573 0 
3.135296 12.52716 0.6274109 0.1596644 -0.7421492 0.3227538 -0.5652892 0 3.179939 13.68802 0.4264832 -0.0085546 -0.696619 0.222059 -0.6821573 0 
3.135296 12.52716 0.6274109 0.1596644 -0.7421492 0.3227538 -0.5652892 0 3.179939 13.68802 0.4264832 -0.0085546 -0.696619 0.222059 -0.6821573 0 
3.034832 12.57181 0.5715942 0.1613851 -0.7418629 0.3213666 -0.5659664 0 3.068317 13.76616 0.3371887 -0.009277783 -0.6959782 0.2214913 -0.682986 0 
3.034832 12.57181 0.5715942 0.1613851 -0.7418629 0.3213666 -0.5659664 0 3.068317 13.76616 0.3371887 -0.009277783 -0.6959782 0.2214913 -0.682986 0 
2.845081 12.59413 0.493454 0.1649761 -0.7412787 0.3191692 -0.5669391 0 2.889725 13.8108 0.2702179 -0.01119429 -0.6961697 0.2198876 -0.6832803 0 
2.845081 12.59413 0.493454 0.1649761 -0.7412787 0.3191692 -0.5669391 0 2.889725 13.8108 0.2702179 -0.01119429 -0.6961697 0.2198876 -0.6832803 0 
2.845081 12.59413 0.493454 0.1649761 -0.7412787 0.3191692 -0.5669391 0 2.889725 13.8108 0.2702179 -0.01119429 -0.6961697 0.2198876 -0.6832803 0 
2.621838 12.56065 0.4376526 0.1708086 -0.7397733 0.3172795 -0.5682372 0 2.666485 13.76616 0.2255707 -0.008879349 -0.6955865 0.216957 -0.6848432 0 
2.621838 12.56065 0.4376526 0.1708086 -0.7397733 0.3172795 -0.5682372 0 2.666485 13.76616 0.2255707 -0.008879349 -0.6955865 0.216957 -0.6848432 0 
2.409756 12.49367 0.4376526 0.1760653 -0.7391126 0.3148024 -0.5688701 0.01999827 2.443241 13.69918 0.2367249 -0.004777804 -0.6963708 0.2127634 -0.6854026 31.55426 
2.409756 12.49367 0.4376526 0.1760653 -0.7391126 0.3148024 -0.5688701 0.01999827 2.443241 13.69918 0.2367249 -0.004777804 -0.6963708 0.2127634 -0.6854026 31.55426 
2.409756 12.49367 0.4376526 0.1760653 -0.7391126 0.3148024 -0.5688701 0.01999827 2.443241 13.69918 0.2367249 -0.004777804 -0.6963708 0.2127634 -0.6854026 31.55426 
2.219997 12.4267 0.4488068 0.1762089 -0.7382432 0.3123476 -0.5713024 0.01999827 2.219997 13.60988 0.2702179 -0.001835704 -0.6975031 0.2057623 -0.6864021 31.55426 
2.219997 12.4267 0.4488068 0.1762089 -0.7382432 0.3123476 -0.5713024 0.01999827 2.219997 13.60988 0.2702179 -0.001835704 -0.6975031 0.2057623 -0.6864021 31.55426 
2.063732 12.38205 0.4488068 0.1768145 -0.7378496 0.3063176 -0.5748776 0.01999827 2.030243 13.54291 0.2255707 -0.001555331 -0.6979669 0.1990537 -0.687908 52.0444 
2.063732 12.38205 0.4488068 0.1768145 -0.7378496 0.3063176 -0.5748776 0.01999827 2.030243 13.54291 0.2255707 -0.001555331 -0.6979669 0.1990537 -0.687908 52.0444 
2.063732 12.38205 0.4488068 0.1768145 -0.7378496 0.3063176 -0.5748776 0.01999827 2.030243 13.54291 0.2255707 -0.001555331 -0.6979669 0.1990537 -0.687908 52.0444 
1.907459 12.22578 0.3595123 0.1832337 -0.7358436 0.3001107 -0.5786996 0.04307319 1.862812 13.44245 0.136261 0.0002980232 -0.6969923 0.19122 -0.6911126 0.7857155 
1.907459 12.22578 0.3595123 0.1832337 -0.7358436 0.3001107 -0.5786996 0.04307319 1.862812 13.44245 0.136261 0.0002980232 -0.6969923 0.19122 -0.6911126 0.7857155 
1.751194 12.05835 0.2702179 0.1883908 -0.7335058 0.2953072 -0.5824704 0.04307319 1.717705 13.29735 0.08045959 0.003300726 -0.6968476 0.1846204 -0.6930426 0.3423667 
1.751194 12.05835 0.2702179 0.1883908 -0.7335058 0.2953072 -0.5824704 0.04307319 1.717705 13.29735 0.08045959 0.003300726 -0.6968476 0.1846204 -0.6930426 0.3423667 
1.751194 12.05835 0.2702179 0.1883908 -0.7335058 0.2953072 -0.5824704 0.04307319 1.717705 13.29735 0.08045959 0.003300726 -0.6968476 0.1846204 -0.6930426 0.3423667 
1.639568 11.90208 0.2255707 0.1937125 -0.7314501 0.2908118 -0.5855636 0.03999653 1.606083 13.14108 0.08045959 0.007900469 -0.6961007 0.1778759 -0.6955153 0.08366516 
1.639568 11.90208 0.2255707 0.1937125 -0.7314501 0.2908118 -0.5855636 0.03999653 1.606083 13.14108 0.08045959 0.007900469 -0.6961007 0.1778759 -0.6955153 0.08366516 
1.539112 11.74581 0.1920776 0.1987185 -0.7283365 0.285446 -0.5903876 0.03999653 1.472137 12.94016 0.06930542 0.01477075 -0.6959367 0.1695367 -0.6976469 0.08366516 
1.539112 11.74581 0.1920776 0.1987185 -0.7283365 0.285446 -0.5903876 0.03999653 1.472137 12.94016 0.06930542 0.01477075 -0.6959367 0.1695367 -0.6976469 0.08366516 
1.539112 11.74581 0.1920776 0.1987185 -0.7283365 0.285446 -0.5903876 0.03999653 1.472137 12.94016 0.06930542 0.01477075 -0.6959367 0.1695367 -0.6976469 0.08366516 
1.416328 11.64535 0.1027832 0.1992254 -0.7236906 0.2808533 -0.5980825 0.03999653 1.338192 12.80621 0.03581238 0.0206425 -0.6935588 0.1601106 -0.7020789 0.06274887 
1.416328 11.64535 0.1027832 0.1992254 -0.7236906 0.2808533 -0.5980825 0.03999653 1.338192 12.80621 0.03581238 0.0206425 -0.6935588 0.1601106 -0.7020789 0.06274887 
1.315868 11.6007 0.002319336 0.1961704 -0.7170892 0.279268 -0.6077085 0.03538154 1.248898 12.62762 -0.03115845 0.03297634 -0.6834992 0.1544237 -0.7126675 0.138708 
1.315868 11.6007 0.002319336 0.1961704 -0.7170892 0.279268 -0.6077085 0.03538154 1.248898 12.62762 -0.03115845 0.03297634 -0.6834992 0.1544237 -0.7126675 0.138708 
1.315868 11.6007 0.002319336 0.1961704 -0.7170892 0.279268 -0.6077085 0.03538154 1.248898 12.62762 -0.03115845 0.03297634 -0.6834992 0.1544237 -0.7126675 0.138708 
1.371677 11.58954 0.05813599 0.1961468 -0.7121484 0.2851483 -0.6107876 0.03538154 1.706543 12.103 0.136261 0.05263468 -0.6555814 0.1575716 -0.7366233 0.1442123 
1.371677 11.58954 0.05813599 0.1961468 -0.7121484 0.2851483 -0.6107876 0.03538154 1.706543 12.103 0.136261 0.05263468 -0.6555814 0.1575716 -0.7366233 0.1442123 
1.371677 11.50025 0.2813721 0.2245677 -0.7083883 0.3052023 -0.595489 0.03538154 2.041405 11.6007 0.2478943 0.07069563 -0.6362803 0.1589445 -0.7515892 0.1486158 
1.371677 11.50025 0.2813721 0.2245677 -0.7083883 0.3052023 -0.595489 0.03538154 2.041405 11.6007 0.2478943 0.07069563 -0.6362803 0.1589445 -0.7515892 0.1486158 
1.371677 11.50025 0.2813721 0.2245677 -0.7083883 0.3052023 -0.595489 0.03538154 2.041405 11.6007 0.2478943 0.07069563 -0.6362803 0.1589445 -0.7515892 0.1486158 
1.092625 11.44444 0.3930054 0.2517921 -0.7090752 0.306944 -0.5827508 0.03538154 1.405167 11.67884 -0.04232788 0.09002945 -0.6411131 0.1450734 -0.7482128 0.1486158 
1.092625 11.44444 0.3930054 0.2517921 -0.7090752 0.306944 -0.5827508 0.03538154 1.405167 11.67884 -0.04232788 0.09002945 -0.6411131 0.1450734 -0.7482128 0.1486158 
0.7912483 11.4556 0.493454 0.2608307 -0.7148862 0.3028545 -0.5737458 0.03691987 0.8805466 11.73465 -0.2878876 -0.1043946 0.6370977 -0.1303214 0.752479 0.9011084 
0.7912483 11.4556 0.493454 0.2608307 -0.7148862 0.3028545 -0.5737458 0.03691987 0.8805466 11.73465 -0.2878876 -0.1043946 0.6370977 -0.1303214 0.752479 0.9011084 
0.7912483 11.4556 0.493454 0.2608307 -0.7148862 0.3028545 -0.5737458 0.03691987 0.8805466 11.73465 -0.2878876 -0.1043946 0.6370977 -0.1303214 0.752479 0.9011084 
0.6126595 11.38862 0.5157776 0.2678061 -0.7097247 0.3055859 -0.5754893 0.03691987 0.6796303 11.63419 -0.3325348 -0.1061666 0.6328097 -0.1200807 0.7575362 0.9011084 
0.6126595 11.38862 0.5157776 0.2678061 -0.7097247 0.3055859 -0.5754893 0.03691987 0.6796303 11.63419 -0.3325348 -0.1061666 0.6328097 -0.1200807 0.7575362 0.9011084 
0.4452248 11.3663 0.5604248 0.2674803 -0.7048858 0.3058293 -0.5814282 0.03691987 0.6796303 11.63419 -0.3325348 -0.1061666 0.6328097 -0.1200807 0.7575362 0.9011084 
0.4452248 11.3663 0.5604248 0.2674803 -0.7048858 0.3058293 -0.5814282 0.03691987 0.5233574 11.64535 -0.265564 -0.1047725 0.6296722 -0.1136226 0.7613316 1.665559 
0.4452248 11.3663 0.5604248 0.2674803 -0.7048858 0.3058293 -0.5814282 0.03691987 0.5233574 11.64535 -0.265564 -0.1047725 0.6296722 -0.1136226 0.7613316 1.665559 
0.3224411 11.3663 0.526947 0.2618197 -0.6908314 0.3142699 -0.5961854 0.04461151 0.489872 11.6007 -0.2209167 -0.1027856 0.6200951 -0.1049907 0.7706453 266.7874 
0.3224411 11.3663 0.526947 0.2618197 -0.6908314 0.3142699 -0.5961854 0.04461151 0.489872 11.6007 -0.2209167 -0.1027856 0.6200951 -0.1049907 0.7706453 266.7874 
0.1996574 11.33281 0.4376526 0.2776632 -0.6714473 0.3476442 -0.5926257 0.04461151 0.489872 11.6007 -0.2209167 -0.1027856 0.6200951 -0.1049907 0.7706453 266.7874 
0.1996574 11.33281 0.4376526 0.2776632 -0.6714473 0.3476442 -0.5926257 0.04461151 0.3782501 11.48908 -0.2432404 -0.1008877 0.6098604 -0.08787588 0.7811337 267.9899 
0.1996574 11.33281 0.4376526 0.2776632 -0.6714473 0.3476442 -0.5926257 0.04461151 0.3782501 11.48908 -0.2432404 -0.1008877 0.6098604 -0.08787588 0.7811337 267.9899 
0.07687759 11.15422 0.3595123 0.3114164 -0.6436296 0.386845 -0.5823331 0.04307319 0.2443047 11.277 -0.3213806 -0.1160536 0.5986564 -0.07397014 0.7890947 799.4202 
0.07687759 11.15422 0.3595123 0.3114164 -0.6436296 0.386845 -0.5823331 0.04307319 0.2443047 11.277 -0.3213806 -0.1160536 0.5986564 -0.07397014 0.7890947 799.4202 
0.07687759 11.15422 0.3595123 0.3114164 -0.6436296 0.386845 -0.5823331 0.04307319 0.2443047 11.277 -0.3213806 -0.1160536 0.5986564 -0.07397014 0.7890947 799.4202 
-0.01242065 10.93098 0.2925415 -0.3251248 0.6267215 -0.379066 0.5981831 0.04307319 0.1550102 10.99795 -0.4441528 -0.1407163 0.5817357 -0.06370225 0.7985766 887.8838 
-0.01242065 10.93098 0.2925415 -0.3251248 0.6267215 -0.379066 0.5981831 0.04307319 0.1550102 10.99795 -0.4441528 -0.1407163 0.5817357 -0.06370225 0.7985766 887.8838 
-0.07939529 10.68541 0.2144012 -0.3351139 0.6126382 -0.3551857 0.6214629 0.04307319 0.08803558 10.8082 -0.5222931 -0.1652787 0.5665071 -0.05834911 0.8052007 965.3033 
-0.07939529 10.68541 0.2144012 -0.3351139 0.6126382 -0.3551857 0.6214629 0.04307319 0.08803558 10.8082 -0.5222931 -0.1652787 0.5665071 -0.05834911 0.8052007 965.3033 
-0.07939529 10.68541 0.2144012 -0.3351139 0.6126382 -0.3551857 0.6214629 0.04307319 0.08803558 10.8082 -0.5222931 -0.1652787 0.5665071 -0.05834911 0.8052007 965.3033 
-0.1240425 10.51798 0.169754 -0.3458661 0.6019308 -0.336205 0.6364136 0.04307319 0.06571198 10.70774 -0.4664917 -0.1882336 0.5560579 -0.06681561 0.8067859 965.3033 
-0.1240425 10.51798 0.169754 -0.3458661 0.6019308 -0.336205 0.6364136 0.04307319 0.06571198 10.70774 -0.4664917 -0.1882336 0.5560579 -0.06681561 0.8067859 965.3033 
-0.2133369 10.37288 0.1474304 -0.3559185 0.5979528 -0.3181877 0.643841 0.04307319 0.03222656 10.57379 -0.4553223 -0.2088204 0.5504324 -0.0763483 0.8047293 970.8253 
-0.2133369 10.37288 0.1474304 -0.3559185 0.5979528 -0.3181877 0.643841 0.04307319 0.03222656 10.57379 -0.4553223 -0.2088204 0.5504324 -0.0763483 0.8047293 970.8253 
-0.2133369 10.37288 0.1474304 -0.3559185 0.5979528 -0.3181877 0.643841 0.04307319 0.03222656 10.57379 -0.4553223 -0.2088204 0.5504324 -0.0763483 0.8047293 970.8253 
-0.3138008 10.03801 0.08045959 -0.3832088 0.5894868 -0.3039268 0.6428724 0.04153486 -0.07939529 10.2166 -0.6115875 -0.2396939 0.5399703 -0.07315089 0.8035098 124.5747 
-0.3138008 10.03801 0.08045959 -0.3832088 0.5894868 -0.3039268 0.6428724 0.04153486 -0.07939529 10.2166 -0.6115875 -0.2396939 0.5399703 -0.07315089 0.8035098 124.5747 
-0.4365807 9.770119 0.03581238 -0.421262 0.5764946 -0.3118425 0.6268544 0.04153486 -0.2356644 9.904064 -0.8348389 -0.2665815 0.5306724 -0.06459231 0.8019657 57.7405 
-0.4365807 9.770119 0.03581238 -0.421262 0.5764946 -0.3118425 0.6268544 0.04153486 -0.2356644 9.904064 -0.8348389 -0.2665815 0.5306724 -0.06459231 0.8019657 57.7405 
-0.4365807 9.770119 0.03581238 -0.421262 0.5764946 -0.3118425 0.6268544 0.04153486 -0.2356644 9.904064 -0.8348389 -0.2665815 0.5306724 -0.06459231 0.8019657 57.7405 
-0.4700661 9.658497 0.01348877 -0.4518768 0.5639747 -0.3317733 0.606355 0.04153486 -0.3696098 9.781281 -0.8794861 -0.2887606 0.5338224 -0.06476983 0.7921211 0.7872142 
-0.4700661 9.658497 0.01348877 -0.4518768 0.5639747 -0.3317733 0.606355 0.04153486 -0.3696098 9.781281 -0.8794861 -0.2887606 0.5338224 -0.06476983 0.7921211 0.7872142 
-0.4812279 9.602688 -0.05348206 -0.4747295 0.5440996 -0.3381854 0.6035049 0.04153486 -0.358448 9.758957 -0.8348389 -0.317577 0.5274656 -0.07046762 0.7848307 0.7872142 
-0.4812279 9.602688 -0.05348206 -0.4747295 0.5440996 -0.3381854 0.6035049 0.04153486 -0.358448 9.758957 -0.8348389 -0.317577 0.5274656 -0.07046762 0.7848307 0.7872142 
-0.4812279 9.602688 -0.05348206 -0.4747295 0.5440996 -0.3381854 0.6035049 0.04153486 -0.358448 9.758957 -0.8348389 -0.317577 0.5274656 -0.07046762 0.7848307 0.7872142 
-0.4812279 9.569202 -0.09812927 -0.5023084 0.5184569 -0.3424414 0.6013506 0.04153486 -0.3696098 9.770119 -0.7566986 -0.3373342 0.5247775 -0.0792948 0.777513 0.3148452 
-0.4812279 9.569202 -0.09812927 -0.5023084 0.5184569 -0.3424414 0.6013506 0.04153486 -0.3696098 9.770119 -0.7566986 -0.3373342 0.5247775 -0.0792948 0.777513 0.3148452 
-0.3361244 9.569202 -0.1092987 -0.5156149 0.4964494 -0.3483299 0.605265 0.04153486 -0.2245026 9.848255 -0.4999695 -0.3547927 0.520434 -0.08452404 0.7720922 0.06054716 
-0.3361244 9.569202 -0.1092987 -0.5156149 0.4964494 -0.3483299 0.605265 0.04153486 -0.2245026 9.848255 -0.4999695 -0.3547927 0.520434 -0.08452404 0.7720922 0.06054716 
-0.3361244 9.569202 -0.1092987 -0.5156149 0.4964494 -0.3483299 0.605265 0.04153486 -0.2245026 9.848255 -0.4999695 -0.3547927 0.520434 -0.08452404 0.7720922 0.06054716 
-0.4254189 9.61385 -0.1762695 -0.5139178 0.4847996 -0.3406332 0.6203442 0.04153486 -0.2914772 9.837093 -0.5669403 -0.3585662 0.5117122 -0.07718471 0.7769321 0.04183258 
-0.4254189 9.61385 -0.1762695 -0.5139178 0.4847996 -0.3406332 0.6203442 0.04153486 -0.2914772 9.837093 -0.5669403 -0.3585662 0.5117122 -0.07718471 0.7769321 0.04183258 
-0.5370407 9.546879 -0.3325348 -0.5123228 0.4623952 -0.3440776 0.6366527 0.04153486 -0.4923935 9.68082 -1.069244 -0.34713 0.4879924 -0.05547646 0.7989284 0.02642058 
-0.5370407 9.546879 -0.3325348 -0.5123228 0.4623952 -0.3440776 0.6366527 0.04153486 -0.4923935 9.68082 -1.069244 -0.34713 0.4879924 -0.05547646 0.7989284 0.02642058 
-0.5370407 9.546879 -0.3325348 -0.5123228 0.4623952 -0.3440776 0.6366527 0.04153486 -0.4923935 9.68082 -1.069244 -0.34713 0.4879924 -0.05547646 0.7989284 0.02642058 
-0.5705261 9.435253 -0.4329987 -0.5005563 0.4532646 -0.3558665 0.6460292 0.04153486 -0.5035553 9.457581 -1.247833 -0.3452137 0.4703125 -0.04126525 0.8111294 0.02642058 
-0.5705261 9.435253 -0.4329987 -0.5005563 0.4532646 -0.3558665 0.6460292 0.04153486 -0.5035553 9.457581 -1.247833 -0.3452137 0.4703125 -0.04126525 0.8111294 0.02642058 
-0.6486626 9.368282 -0.5111389 -0.4871188 0.4511285 -0.3634641 0.6535229 0.04153486 -0.5258789 9.312473 -1.348297 -0.3463301 0.4554684 -0.03920523 0.8191867 0.02531972 
-0.6486626 9.368282 -0.5111389 -0.4871188 0.4511285 -0.3634641 0.6535229 0.04153486 -0.5258789 9.312473 -1.348297 -0.3463301 0.4554684 -0.03920523 0.8191867 0.02531972 
-0.6486626 9.368282 -0.5111389 -0.4871188 0.4511285 -0.3634641 0.6535229 0.04153486 -0.5258789 9.312473 -1.348297 -0.3463301 0.4554684 -0.03920523 0.8191867 0.02531972 
-0.7156334 9.323635 -0.5781097 -0.4818661 0.4458598 -0.3653963 0.6599241 0.04153486 -0.5705299 9.223175 -1.404099 -0.3498334 0.444379 -0.04117338 0.8236799 0.02421886 
-0.7156334 9.323635 -0.5781097 -0.4818661 0.4458598 -0.3653963 0.6599241 0.04153486 -0.5705299 9.223175 -1.404099 -0.3498334 0.444379 -0.04117338 0.8236799 0.02421886 
-0.7714424 9.223175 -0.6339111 -0.4802128 0.4396081 -0.3606197 0.6679026 0.04153486 -0.6486626 9.156204 -1.448746 -0.3523498 0.4375331 -0.03424038 0.8265845 0.02421886 
-0.7714424 9.223175 -0.6339111 -0.4802128 0.4396081 -0.3606197 0.6679026 0.04153486 -0.6486626 9.156204 -1.448746 -0.3523498 0.4375331 -0.03424038 0.8265845 0.02421886 
-0.7714424 9.223175 -0.6339111 -0.4802128 0.4396081 -0.3606197 0.6679026 0.04153486 -0.6486626 9.156204 -1.448746 -0.3523498 0.4375331 -0.03424038 0.8265845 0.02421886 
-0.9277153 9.078068 -0.6115875 -0.4869165 0.4359165 -0.3479986 0.6721504 0.04153486 -0.9277153 9.044582 -1.459915 -0.344411 0.4463126 -0.01906098 0.8257256 0.02421886 
-0.9277153 9.078068 -0.6115875 -0.4869165 0.4359165 -0.3479986 0.6721504 0.04153486 -0.9277153 9.044582 -1.459915 -0.344411 0.4463126 -0.01906098 0.8257256 0.02421886 
-1.318386 8.865986 -0.3325348 -0.524197 0.4385442 -0.34483 0.6434196 0.04153486 -1.586281 9.245499 -1.147369 -0.3275237 0.4936845 -0.03052457 0.8050293 0.02421886 
-1.318386 8.865986 -0.3325348 -0.524197 0.4385442 -0.34483 0.6434196 0.04153486 -1.586281 9.245499 -1.147369 -0.3275237 0.4936845 -0.03052457 0.8050293 0.02421886 
-1.318386 8.865986 -0.3325348 -0.524197 0.4385442 -0.34483 0.6434196 0.04153486 -1.586281 9.245499 -1.147369 -0.3275237 0.4936845 -0.03052457 0.8050293 0.02421886 
-1.608601 8.732044 -0.1427765 -0.553201 0.4345219 -0.3610166 0.6122307 0.04153486 -2.06625 9.334797 -1.102722 -0.3251755 0.5101182 -0.04367995 0.7950675 0.02421886 
-1.608601 8.732044 -0.1427765 -0.553201 0.4345219 -0.3610166 0.6122307 0.04153486 -2.06625 9.334797 -1.102722 -0.3251755 0.5101182 -0.04367995 0.7950675 0.02421886 
-1.798359 8.687393 -0.1092987 -0.5684667 0.4228977 -0.3797935 0.5947774 0.04153486 -2.244846 9.29015 -1.22551 -0.3323096 0.5037614 -0.05497307 0.7954701 0.02421886 
-1.798359 8.687393 -0.1092987 -0.5684667 0.4228977 -0.3797935 0.5947774 0.04153486 -2.244846 9.29015 -1.22551 -0.3323096 0.5037614 -0.05497307 0.7954701 0.02421886 
-1.798359 8.687393 -0.1092987 -0.5684667 0.4228977 -0.3797935 0.5947774 0.04153486 -2.244846 9.29015 -1.22551 -0.3323096 0.5037614 -0.05497307 0.7954701 0.02421886 
-2.010441 8.754368 -0.1316223 -0.5762647 0.4133473 -0.3959304 0.5833542 0.04153486 -2.445763 9.323635 -1.337128 -0.3387401 0.4980209 -0.06837007 0.7953339 0.02421886 
-2.010441 8.754368 -0.1316223 -0.5762647 0.4133473 -0.3959304 0.5833542 0.04153486 -2.445763 9.323635 -1.337128 -0.3387401 0.4980209 -0.06837007 0.7953339 0.02421886 
-2.200195 8.821339 -0.0869751 -0.5867386 0.4061036 -0.4088236 0.5689298 0.04153486 -2.624355 9.390606 -1.359451 -0.346687 0.4955125 -0.07939248 0.792447 0.02421886 
-2.200195 8.821339 -0.0869751 -0.5867386 0.4061036 -0.4088236 0.5689298 0.04153486 -2.624355 9.390606 -1.359451 -0.346687 0.4955125 -0.07939248 0.792447 0.02421886 
-2.200195 8.821339 -0.0869751 -0.5867386 0.4061036 -0.4088236 0.5689298 0.04153486 -2.624355 9.390606 -1.359451 -0.346687 0.4955125 -0.07939248 0.792447 0.02421886 
-2.289494 8.732044 0.002319336 -0.6037214 0.3941681 -0.413775 0.5558258 0.04153486 -2.724815 9.278988 -1.348297 -0.3617309 0.4922556 -0.08368806 0.7872939 0.02421886 
-2.289494 8.732044 0.002319336 -0.6037214 0.3941681 -0.413775 0.5558258 0.04153486 -2.724815 9.278988 -1.348297 -0.3617309 0.4922556 -0.08368806 0.7872939 0.02421886 
-2.378788 8.687393 0.04696655 -0.6137496 0.3891979 -0.4138649 0.5482265 0.04153486 -2.814114 9.178528 -1.348297 -0.3708092 0.4918875 -0.08462495 0.7831896 0.02421886 
-2.378788 8.687393 0.04696655 -0.6137496 0.3891979 -0.4138649 0.5482265 0.04153486 -2.814114 9.178528 -1.348297 -0.3708092 0.4918875 -0.08462495 0.7831896 0.02421886 
-2.378788 8.687393 0.04696655 -0.6137496 0.3891979 -0.4138649 0.5482265 0.04153486 -2.814114 9.178528 -1.348297 -0.3708092 0.4918875 -0.08462495 0.7831896 0.02421886 
-2.468086 8.698559 0.01348877 -0.6136385 0.3916875 -0.4120052 0.5479786 0.04153486 -2.903408 9.18969 -1.370621 -0.3697685 0.4935875 -0.08420654 0.782657 0.02421886 
-2.468086 8.698559 0.01348877 -0.6136385 0.3916875 -0.4120052 0.5479786 0.04153486 -2.903408 9.18969 -1.370621 -0.3697685 0.4935875 -0.08420654 0.782657 0.02421886 
-2.546223 8.709721 0.01348877 -0.6118428 0.3967773 -0.4089087 0.5486438 0.04153486 -3.003868 9.234337 -1.370621 -0.3653448 0.4982795 -0.08321141 0.7818673 0.02421886 
-2.546223 8.709721 0.01348877 -0.6118428 0.3967773 -0.4089087 0.5486438 0.04153486 -3.003868 9.234337 -1.370621 -0.3653448 0.4982795 -0.08321141 0.7818673 0.02421886 
-2.546223 8.709721 0.01348877 -0.6118428 0.3967773 -0.4089087 0.5486438 0.04153486 -3.003868 9.234337 -1.370621 -0.3653448 0.4982795 -0.08321141 0.7818673 0.02421886 
-2.735977 8.787853 0.1474304 -0.6091675 0.4140648 -0.4051369 0.541599 0.04153486 -3.23827 9.357121 -1.22551 -0.3566334 0.5137807 -0.08697347 0.7754209 0.02421886 
-2.735977 8.787853 0.1474304 -0.6091675 0.4140648 -0.4051369 0.541599 0.04153486 -3.23827 9.357121 -1.22551 -0.3566334 0.5137807 -0.08697347 0.7754209 0.02421886 
-2.959217 9.011097 0.4264832 -0.6118382 0.4309575 -0.4133731 0.5187026 0.04153486 -3.428028 9.51339 -1.058075 -0.3512319 0.5256709 -0.09509338 0.7689366 0.02421886 
-2.959217 9.011097 0.4264832 -0.6118382 0.4309575 -0.4133731 0.5187026 0.04153486 -3.428028 9.51339 -1.058075 -0.3512319 0.5256709 -0.09509338 0.7689366 0.02421886 
-2.959217 9.011097 0.4264832 -0.6118382 0.4309575 -0.4133731 0.5187026 0.04153486 -3.428028 9.51339 -1.058075 -0.3512319 0.5256709 -0.09509338 0.7689366 0.02421886 
-3.160137 9.390606 0.7613525 -0.6095061 0.4565996 -0.419771 0.4937727 0.04153486 -3.606621 9.71431 -0.8571625 -0.3505004 0.5344135 -0.1129664 0.7607827 0.02421886 
-3.160137 9.390606 0.7613525 -0.6095061 0.4565996 -0.419771 0.4937727 0.04153486 -3.606621 9.71431 -0.8571625 -0.3505004 0.5344135 -0.1129664 0.7607827 0.02421886 
-3.461514 9.993359 1.252487 -0.601753 0.502477 -0.4150367 0.4616869 0.04153486 -3.86335 10.03801 -0.622757 -0.3464851 0.5500255 -0.1338536 0.7479995 0.02421886 
-3.461514 9.993359 1.252487 -0.601753 0.502477 -0.4150367 0.4616869 0.04153486 -3.86335 10.03801 -0.622757 -0.3464851 0.5500255 -0.1338536 0.7479995 0.02421886 
-3.461514 9.993359 1.252487 -0.601753 0.502477 -0.4150367 0.4616869 0.04153486 -3.86335 10.03801 -0.622757 -0.3464851 0.5500255 -0.1338536 0.7479995 0.02421886 
-3.628944 10.20544 1.196671 -0.5778761 0.5225492 -0.4114346 0.4729939 0.04153486 -4.064266 10.31706 -0.5446167 -0.3281314 0.5627921 -0.1408767 0.7454855 0.02421886 
-3.628944 10.20544 1.196671 -0.5778761 0.5225492 -0.4114346 0.4729939 0.04153486 -4.064266 10.31706 -0.5446167 -0.3281314 0.5627921 -0.1408767 0.7454855 0.02421886 
-3.707081 10.3059 1.096207 -0.5622826 0.5321019 -0.4133516 0.4794231 0.04153486 -4.131241 10.48449 -0.5669403 -0.3124761 0.5680813 -0.1391141 0.748525 0.02421886 
-3.707081 10.3059 1.096207 -0.5622826 0.5321019 -0.4133516 0.4794231 0.04153486 -4.131241 10.48449 -0.5669403 -0.3124761 0.5680813 -0.1391141 0.748525 0.02421886 
-3.707081 10.3059 1.096207 -0.5622826 0.5321019 -0.4133516 0.4794231 0.04153486 -4.131241 10.48449 -0.5669403 -0.3124761 0.5680813 -0.1391141 0.748525 0.02421886 
-3.684757 10.36171 1.230164 -0.5623974 0.5444205 -0.4048261 0.4726853 0.04153486 -4.142403 10.5403 -0.5334625 -0.3009789 0.5756716 -0.1290555 0.7492387 0.02421886 
-3.684757 10.36171 1.230164 -0.5623974 0.5444205 -0.4048261 0.4726853 0.04153486 -4.142403 10.5403 -0.5334625 -0.3009789 0.5756716 -0.1290555 0.7492387 0.02421886 
-3.483837 10.25009 1.587341 -0.57882 0.5629727 -0.3710648 0.4586285 0.04153486 -4.086594 10.57379 -0.3437042 -0.2960672 0.5938962 -0.1175407 0.7387935 0.02421886 
-3.483837 10.25009 1.587341 -0.57882 0.5629727 -0.3710648 0.4586285 0.04153486 -4.086594 10.57379 -0.3437042 -0.2960672 0.5938962 -0.1175407 0.7387935 0.02421886 
-3.483837 10.25009 1.587341 -0.57882 0.5629727 -0.3710648 0.4586285 0.04153486 -4.086594 10.57379 -0.3437042 -0.2960672 0.5938962 -0.1175407 0.7387935 0.02421886 
-3.193623 9.926388 1.52037 -0.5819002 0.565344 -0.3312138 0.4817424 0.04153486 -3.974972 10.6296 -0.1316223 -0.2976476 0.6124687 -0.1114144 0.723792 0.02421886 
-3.193623 9.926388 1.52037 -0.5819002 0.565344 -0.3312138 0.4817424 0.04153486 -3.974972 10.6296 -0.1316223 -0.2976476 0.6124687 -0.1114144 0.723792 0.02421886 
-2.903408 9.747795 1.319458 -0.582228 0.55767 -0.3123477 0.5024477 0.04153486 -3.718243 10.52914 -0.0869751 -0.3061582 0.6134737 -0.09686561 0.7214805 0.02421886 
-2.903408 9.747795 1.319458 -0.582228 0.55767 -0.3123477 0.5024477 0.04153486 -3.718243 10.52914 -0.0869751 -0.3061582 0.6134737 -0.09686561 0.7214805 0.02421886 
-2.903408 9.747795 1.319458 -0.582228 0.55767 -0.3123477 0.5024477 0.04153486 -3.718243 10.52914 -0.0869751 -0.3061582 0.6134737 -0.09686561 0.7214805 0.02421886 
-2.624355 9.591526 1.174347 -0.589906 0.5437642 -0.3068022 0.5120584 0.04153486 -3.43919 10.31706 -0.1651001 -0.3243792 0.6034082 -0.08993278 0.722903 0.02421886 
-2.624355 9.591526 1.174347 -0.589906 0.5437642 -0.3068022 0.5120584 0.04153486 -3.43919 10.31706 -0.1651001 -0.3243792 0.6034082 -0.08993278 0.722903 0.02421886 
-2.412273 9.424091 0.9957581 -0.5952713 0.5268635 -0.311064 0.5208707 0.04153486 -3.43919 10.31706 -0.1651001 -0.3243792 0.6034082 -0.08993278 0.722903 0.02421886 
-2.412273 9.424091 0.9957581 -0.5952713 0.5268635 -0.311064 0.5208707 0.04153486 -3.182461 10.10498 -0.299057 -0.3353943 0.590269 -0.08239032 0.7295924 0.02421886 
-2.412273 9.424091 0.9957581 -0.5952713 0.5268635 -0.311064 0.5208707 0.04153486 -3.182461 10.10498 -0.299057 -0.3353943 0.590269 -0.08239032 0.7295924 0.02421886 
-2.133221 9.078068 0.7501831 -0.6045567 0.5010121 -0.3104011 0.535863 0.04153486 -2.903408 9.703144 -0.5446167 -0.3463363 0.5724109 -0.06421177 0.7404552 0.02421886 
-2.133221 9.078068 0.7501831 -0.6045567 0.5010121 -0.3104011 0.535863 0.04153486 -2.903408 9.703144 -0.5446167 -0.3463363 0.5724109 -0.06421177 0.7404552 0.02421886 
-1.976955 8.754368 0.526947 -0.6076587 0.4884389 -0.3014958 0.5488886 0.04153486 -2.758301 9.479904 -0.8236694 -0.3472036 0.5611945 -0.05538662 0.7492949 0.02421886 
-1.976955 8.754368 0.526947 -0.6076587 0.4884389 -0.3014958 0.5488886 0.04153486 -2.758301 9.479904 -0.8236694 -0.3472036 0.5611945 -0.05538662 0.7492949 0.02421886 
-1.976955 8.754368 0.526947 -0.6076587 0.4884389 -0.3014958 0.5488886 0.04153486 -2.758301 9.479904 -0.8236694 -0.3472036 0.5611945 -0.05538662 0.7492949 0.02421886 
-2.021603 8.698559 0.5046234 -0.6012068 0.5066937 -0.2915821 0.5447861 0.04153486 -2.802952 9.558041 -0.9352875 -0.3330036 0.5683652 -0.06062008 0.7499298 0.02421886 
-2.021603 8.698559 0.5046234 -0.6012068 0.5066937 -0.2915821 0.5447861 0.04153486 -2.802952 9.558041 -0.9352875 -0.3330036 0.5683652 -0.06062008 0.7499298 0.02421886 
-2.122059 8.865986 0.5604248 -0.5895342 0.5324084 -0.2902585 0.5336111 0.04153486 -2.948055 9.792442 -0.7790222 -0.3164061 0.5927106 -0.07051682 0.7372983 0.02421886 
-2.122059 8.865986 0.5604248 -0.5895342 0.5324084 -0.2902585 0.5336111 0.04153486 -2.948055 9.792442 -0.7790222 -0.3164061 0.5927106 -0.07051682 0.7372983 0.02421886 
-2.122059 8.865986 0.5604248 -0.5895342 0.5324084 -0.2902585 0.5336111 0.04153486 -2.948055 9.792442 -0.7790222 -0.3164061 0.5927106 -0.07051682 0.7372983 0.02421886 
-2.122059 9.011097 0.4376526 -0.5720859 0.5484537 -0.2932665 0.5347065 0.04153486 -2.959217 10.00452 -0.5781097 -0.2974513 0.6170449 -0.0702258 0.7251529 0.02421886 
-2.122059 9.011097 0.4376526 -0.5720859 0.5484537 -0.2932665 0.5347065 0.04153486 -2.959217 10.00452 -0.5781097 -0.2974513 0.6170449 -0.0702258 0.7251529 0.02421886 
-2.06625 9.122715 0.3818359 -0.5565709 0.5654593 -0.2875506 0.5364693 0.04153486 -2.992706 10.17196 -0.4664917 -0.2725964 0.638699 -0.06261604 0.7168223 0.02421886 
-2.06625 9.122715 0.3818359 -0.5565709 0.5654593 -0.2875506 0.5364693 0.04153486 -2.992706 10.17196 -0.4664917 -0.2725964 0.638699 -0.06261604 0.7168223 0.02421886 
-2.06625 9.122715 0.3818359 -0.5565709 0.5654593 -0.2875506 0.5364693 0.04153486 -2.992706 10.17196 -0.4664917 -0.2725964 0.638699 -0.06261604 0.7168223 0.02421886 
-2.110897 9.256664 0.3706665 -0.5449951 0.5760412 -0.2981491 0.5312853 0.04153486 -3.037354 10.38404 -0.4888 -0.247991 0.6485733 -0.06645866 0.7165449 0.02421886 
-2.110897 9.256664 0.3706665 -0.5449951 0.5760412 -0.2981491 0.5312853 0.04153486 -3.037354 10.38404 -0.4888 -0.247991 0.6485733 -0.06645866 0.7165449 0.02421886 
-2.222519 9.424091 0.2590485 -0.5353382 0.5746679 -0.3255676 0.5264747 0.04153486 -3.037354 10.38404 -0.4888 -0.247991 0.6485733 -0.06645866 0.7165449 0.02421886 
-2.222519 9.424091 0.2590485 -0.5353382 0.5746679 -0.3255676 0.5264747 0.04153486 -3.082005 10.67425 -0.6115875 -0.2138483 0.6517243 -0.07701913 0.7235969 0.02421886 
-2.222519 9.424091 0.2590485 -0.5353382 0.5746679 -0.3255676 0.5264747 0.04153486 -3.082005 10.67425 -0.6115875 -0.2138483 0.6517243 -0.07701913 0.7235969 0.02421886 
-2.289494 9.636173 0.2255707 -0.5333468 0.5722522 -0.360515 0.5080331 0.04153486 -3.093166 10.94214 -0.6674042 -0.1871074 0.6567611 -0.08517596 0.7255349 0.02421886 
-2.289494 9.636173 0.2255707 -0.5333468 0.5722522 -0.360515 0.5080331 0.04153486 -3.093166 10.94214 -0.6674042 -0.1871074 0.6567611 -0.08517596 0.7255349 0.02421886 
-2.289494 9.636173 0.2255707 -0.5333468 0.5722522 -0.360515 0.5080331 0.04153486 -3.093166 10.94214 -0.6674042 -0.1871074 0.6567611 -0.08517596 0.7255349 0.02421886 
-2.412273 9.926388 -0.2544098 -0.4928883 0.5638624 -0.3960311 0.5313 0.04153486 -3.026192 11.25468 -1.136215 -0.1506045 0.6313287 -0.0971872 0.7545178 0.02421886 
-2.412273 9.926388 -0.2544098 -0.4928883 0.5638624 -0.3960311 0.5313 0.04153486 -3.026192 11.25468 -1.136215 -0.1506045 0.6313287 -0.0971872 0.7545178 0.02421886 
-2.401112 10.03801 -0.9352875 -0.4373817 0.540505 -0.4318713 0.5744901 0.04153486 -2.858761 11.42211 -1.794769 -0.1123458 0.5842986 -0.1010191 0.7973511 0.02421886 
-2.401112 10.03801 -0.9352875 -0.4373817 0.540505 -0.4318713 0.5744901 0.04153486 -2.858761 11.42211 -1.794769 -0.1123458 0.5842986 -0.1010191 0.7973511 0.02421886 
-2.401112 10.03801 -0.9352875 -0.4373817 0.540505 -0.4318713 0.5744901 0.04153486 -2.858761 11.42211 -1.794769 -0.1123458 0.5842986 -0.1010191 0.7973511 0.02421886 
-2.423435 9.792442 -1.236664 -0.4262928 0.5154732 -0.442317 0.5974256 0.04153486 -2.747139 11.34398 -2.129639 -0.101047 0.5561628 -0.0979461 0.8190721 0.02421886 
-2.423435 9.792442 -1.236664 -0.4262928 0.5154732 -0.442317 0.5974256 0.04153486 -2.747139 11.34398 -2.129639 -0.101047 0.5561628 -0.0979461 0.8190721 0.02421886 
-2.49041 9.345959 -0.9576111 -0.4529402 0.5052224 -0.4275083 0.5973544 0.04153486 -2.624355 10.67425 -2.341721 -0.152365 0.5276112 -0.1067448 0.8288648 0.02421886 
-2.49041 9.345959 -0.9576111 -0.4529402 0.5052224 -0.4275083 0.5973544 0.04153486 -2.624355 10.67425 -2.341721 -0.152365 0.5276112 -0.1067448 0.8288648 0.02421886 
-2.49041 9.345959 -0.9576111 -0.4529402 0.5052224 -0.4275083 0.5973544 0.04153486 -2.624355 10.67425 -2.341721 -0.152365 0.5276112 -0.1067448 0.8288648 0.02421886 
-2.479248 8.620422 -0.734375 -0.4924174 0.4878937 -0.4134753 0.5903584 0.04153486 -2.657841 10.16079 -2.26358 -0.1888305 0.5222116 -0.1120862 0.8240599 0.02421886 
-2.479248 8.620422 -0.734375 -0.4924174 0.4878937 -0.4134753 0.5903584 0.04153486 -2.657841 10.16079 -2.26358 -0.1888305 0.5222116 -0.1120862 0.8240599 0.02421886 
-2.568546 8.419506 -1.035751 -0.4852172 0.464664 -0.4136427 0.6144521 0.04153486 -2.747139 9.926388 -2.330551 -0.1978269 0.5174233 -0.1124664 0.8249175 0.02421886 
-2.568546 8.419506 -1.035751 -0.4852172 0.464664 -0.4136427 0.6144521 0.04153486 -2.747139 9.926388 -2.330551 -0.1978269 0.5174233 -0.1124664 0.8249175 0.02421886 
-2.568546 8.419506 -1.035751 -0.4852172 0.464664 -0.4136427 0.6144521 0.04153486 -2.747139 9.926388 -2.330551 -0.1978269 0.5174233 -0.1124664 0.8249175 0.02421886 
-2.602032 8.296719 -1.337128 -0.4748825 0.4413916 -0.4227516 0.6331991 0.04153486 -2.747139 9.725471 -2.631927 -0.2000186 0.4889812 -0.1078463 0.8421752 0.02421886 
-2.602032 8.296719 -1.337128 -0.4748825 0.4413916 -0.4227516 0.6331991 0.04153486 -2.747139 9.725471 -2.631927 -0.2000186 0.4889812 -0.1078463 0.8421752 0.02421886 
-2.613194 8.151615 -1.571533 -0.4667534 0.4218966 -0.423926 0.651484 0.04153486 -2.713654 9.580364 -2.855179 -0.2013961 0.4665252 -0.1022229 0.8551868 0.02421886 
-2.613194 8.151615 -1.571533 -0.4667534 0.4218966 -0.423926 0.651484 0.04153486 -2.713654 9.580364 -2.855179 -0.2013961 0.4665252 -0.1022229 0.8551868 0.02421886 
-2.613194 8.151615 -1.571533 -0.4667534 0.4218966 -0.423926 0.651484 0.04153486 -2.713654 9.580364 -2.855179 -0.2013961 0.4665252 -0.1022229 0.8551868 0.02421886 
-2.624355 8.084641 -1.794769 -0.4503756 0.4143538 -0.4043831 0.6796668 0.04153486 -2.59087 9.468742 -3.156555 -0.1917724 0.4370672 -0.0709408 0.8758785 0.02421886 
-2.624355 8.084641 -1.794769 -0.4503756 0.4143538 -0.4043831 0.6796668 0.04153486 -2.59087 9.468742 -3.156555 -0.1917724 0.4370672 -0.0709408 0.8758785 0.02421886 
-2.702488 8.129288 -2.084991 -0.4204523 0.414661 -0.375391 0.7143933 0.04153486 -2.758301 9.256664 -3.190033 -0.1889158 0.4364519 -0.03947302 0.8787847 0.02421886 
-2.702488 8.129288 -2.084991 -0.4204523 0.414661 -0.375391 0.7143933 0.04153486 -2.758301 9.256664 -3.190033 -0.1889158 0.4364519 -0.03947302 0.8787847 0.02421886 
-2.702488 8.129288 -2.084991 -0.4204523 0.414661 -0.375391 0.7143933 0.04153486 -2.758301 9.256664 -3.190033 -0.1889158 0.4364519 -0.03947302 0.8787847 0.02421886 
-2.669003 7.950695 -2.27475 -0.4182439 0.4047092 -0.3423259 0.7376283 0.04153486 -3.048515 9.245499 -2.92215 -0.187082 0.460386 -0.02449495 0.8674359 0.02421886 
-2.669003 7.950695 -2.27475 -0.4182439 0.4047092 -0.3423259 0.7376283 0.04153486 -3.048515 9.245499 -2.92215 -0.187082 0.460386 -0.02449495 0.8674359 0.02421886 
-2.735977 7.649319 -1.973373 -0.4526787 0.4056323 -0.304783 0.7332474 0.04153486 -3.23827 9.044582 -2.665421 -0.2145362 0.4674208 -0.008910574 0.8575621 0.02421886 
-2.735977 7.649319 -1.973373 -0.4526787 0.4056323 -0.304783 0.7332474 0.04153486 -3.23827 9.044582 -2.665421 -0.2145362 0.4674208 -0.008910574 0.8575621 0.02421886 
-2.735977 7.649319 -1.973373 -0.4526787 0.4056323 -0.304783 0.7332474 0.04153486 -3.23827 9.044582 -2.665421 -0.2145362 0.4674208 -0.008910574 0.8575621 0.02421886 
-3.23827 7.961857 -1.392944 -0.4675156 0.4530147 -0.300422 0.6971037 0.04153486 -3.550812 9.267826 -2.453339 -0.2218366 0.4838006 -0.0220912 0.8463082 0.02421886 
-3.23827 7.961857 -1.392944 -0.4675156 0.4530147 -0.300422 0.6971037 0.04153486 -3.550812 9.267826 -2.453339 -0.2218366 0.4838006 -0.0220912 0.8463082 0.02421886 
-3.930325 8.575771 -0.622757 -0.4826917 0.5058796 -0.3095763 0.6444045 0.04153486 -3.919163 9.457581 -2.431015 -0.2346392 0.4884853 -0.04396046 0.8392819 0.02421886 
-3.930325 8.575771 -0.622757 -0.4826917 0.5058796 -0.3095763 0.6444045 0.04153486 -3.919163 9.457581 -2.431015 -0.2346392 0.4884853 -0.04396046 0.8392819 0.02421886 
-3.930325 8.575771 -0.622757 -0.4826917 0.5058796 -0.3095763 0.6444045 0.04153486 -3.919163 9.457581 -2.431015 -0.2346392 0.4884853 -0.04396046 0.8392819 0.02421886 
-4.320995 8.921799 -0.1539459 -0.4961225 0.5300117 -0.3210264 0.6081876 0.04153486 -3.997295 9.323635 -2.531479 -0.2594301 0.475365 -0.04953113 0.8392085 0.02421886 
-4.320995 8.921799 -0.1539459 -0.4961225 0.5300117 -0.3210264 0.6081876 0.04153486 -3.997295 9.323635 -2.531479 -0.2594301 0.475365 -0.04953113 0.8392085 0.02421886 
-4.387966 8.854824 -0.04232788 -0.5122223 0.5226483 -0.3214667 0.6009377 0.04153486 -3.952648 9.055744 -2.576126 -0.283567 0.4615968 -0.04797227 0.8391763 0.02421886 
-4.387966 8.854824 -0.04232788 -0.5122223 0.5226483 -0.3214667 0.6009377 0.04153486 -3.952648 9.055744 -2.576126 -0.283567 0.4615968 -0.04797227 0.8391763 0.02421886 
-4.387966 8.854824 -0.04232788 -0.5122223 0.5226483 -0.3214667 0.6009377 0.04153486 -3.952648 9.055744 -2.576126 -0.283567 0.4615968 -0.04797227 0.8391763 0.02421886 
-4.376804 8.653908 -0.008834839 -0.5267155 0.5111176 -0.3197045 0.5992651 0.04153486 -3.841026 8.754368 -2.58728 -0.3048568 0.4501558 -0.04407788 0.8381404 0.02421886 
-4.376804 8.653908 -0.008834839 -0.5267155 0.5111176 -0.3197045 0.5992651 0.04153486 -3.841026 8.754368 -2.58728 -0.3048568 0.4501558 -0.04407788 0.8381404 0.02421886 
-4.309834 8.519962 0.1027832 -0.5430906 0.5029372 -0.3206345 0.5910164 0.04153486 -3.707081 8.40834 -2.520309 -0.329425 0.4407139 -0.04184754 0.833966 0.02421886 
-4.309834 8.519962 0.1027832 -0.5430906 0.5029372 -0.3206345 0.5910164 0.04153486 -3.707081 8.40834 -2.520309 -0.329425 0.4407139 -0.04184754 0.833966 0.02421886 
-4.309834 8.519962 0.1027832 -0.5430906 0.5029372 -0.3206345 0.5910164 0.04153486 -3.707081 8.40834 -2.520309 -0.329425 0.4407139 -0.04184754 0.833966 0.02421886 
-4.231701 8.430668 0.1474304 -0.5538278 0.4960767 -0.3229148 0.5855841 0.04153486 -3.584297 8.229748 -2.486832 -0.3445982 0.4349989 -0.04341288 0.8307487 0.02421886 
-4.231701 8.430668 0.1474304 -0.5538278 0.4960767 -0.3229148 0.5855841 0.04153486 -3.584297 8.229748 -2.486832 -0.3445982 0.4349989 -0.04341288 0.8307487 0.02421886 
-4.175888 8.40834 0.1251068 -0.5568997 0.4950086 -0.3237885 0.5830868 0.04153486 -3.472675 8.151615 -2.520309 -0.3507357 0.4305426 -0.04491538 0.8304217 0.02421886 
-4.175888 8.40834 0.1251068 -0.5568997 0.4950086 -0.3237885 0.5830868 0.04153486 -3.472675 8.151615 -2.520309 -0.3507357 0.4305426 -0.04491538 0.8304217 0.02421886 
-4.175888 8.40834 0.1251068 -0.5568997 0.4950086 -0.3237885 0.5830868 0.04153486 -3.472675 8.151615 -2.520309 -0.3507357 0.4305426 -0.04491538 0.8304217 0.02421886 
-4.08659 8.352531 -0.05348206 -0.5523482 0.4918242 -0.322185 0.5909461 0.04153486 -3.349892 8.151615 -2.687744 -0.3497705 0.4234346 -0.04469389 0.8344857 0.02421886 
-4.08659 8.352531 -0.05348206 -0.5523482 0.4918242 -0.322185 0.5909461 0.04153486 -3.349892 8.151615 -2.687744 -0.3497705 0.4234346 -0.04469389 0.8344857 0.02421886 
-4.008457 8.30788 -0.410675 -0.5389039 0.4873288 -0.3176432 0.6092586 0.04153486 -3.227108 8.185101 -3.056091 -0.339242 0.4107854 -0.04201408 0.8452249 0.02421886 
-4.008457 8.30788 -0.410675 -0.5389039 0.4873288 -0.3176432 0.6092586 0.04153486 -3.227108 8.185101 -3.056091 -0.339242 0.4107854 -0.04201408 0.8452249 0.02421886 
-4.008457 8.30788 -0.410675 -0.5389039 0.4873288 -0.3176432 0.6092586 0.04153486 -3.227108 8.185101 -3.056091 -0.339242 0.4107854 -0.04201408 0.8452249 0.02421886 
-3.986134 8.352531 -0.8683167 -0.5156052 0.486945 -0.3114538 0.6324812 0.04153486 -3.148975 8.374855 -3.55838 -0.3157377 0.3986074 -0.03799544 0.8602199 0.02421886 
-3.986134 8.352531 -0.8683167 -0.5156052 0.486945 -0.3114538 0.6324812 0.04153486 -3.148975 8.374855 -3.55838 -0.3157377 0.3986074 -0.03799544 0.8602199 0.02421886 
-4.030781 8.475315 -1.325958 -0.4838626 0.49303 -0.2993563 0.6581674 0.04153486 -3.160137 8.586933 -3.781631 -0.2954588 0.3990293 -0.03440439 0.8673501 0.02421886 
-4.030781 8.475315 -1.325958 -0.4838626 0.49303 -0.2993563 0.6581674 0.04153486 -3.160137 8.586933 -3.781631 -0.2954588 0.3990293 -0.03440439 0.8673501 0.02421886 
-4.030781 8.475315 -1.325958 -0.4838626 0.49303 -0.2993563 0.6581674 0.04153486 -3.160137 8.586933 -3.781631 -0.2954588 0.3990293 -0.03440439 0.8673501 0.02421886 
-4.08659 8.575771 -1.437592 -0.4678003 0.5026836 -0.2880802 0.6674443 0.04153486 -3.260597 8.709721 -3.815125 -0.2846835 0.4040445 -0.0308934 0.8687629 0.02421886 
-4.08659 8.575771 -1.437592 -0.4678003 0.5026836 -0.2880802 0.6674443 0.04153486 -3.260597 8.709721 -3.815125 -0.2846835 0.4040445 -0.0308934 0.8687629 0.02421886 
-4.142403 8.66507 -1.582687 -0.451754 0.506292 -0.2808122 0.6787719 0.04153486 -3.327568 8.799015 -3.915573 -0.273533 0.4056478 -0.02937451 0.871646 0.02421886 
-4.142403 8.66507 -1.582687 -0.451754 0.506292 -0.2808122 0.6787719 0.04153486 -3.327568 8.799015 -3.915573 -0.273533 0.4056478 -0.02937451 0.871646 0.02421886 
-4.142403 8.66507 -1.582687 -0.451754 0.506292 -0.2808122 0.6787719 0.04153486 -3.327568 8.799015 -3.915573 -0.273533 0.4056478 -0.02937451 0.871646 0.02421886 
-4.220539 8.720882 -1.61618 -0.444515 0.5105873 -0.2768819 0.6819409 0.04153486 -3.394543 8.899475 -3.96022 -0.2630353 0.4057784 -0.02927936 0.8748138 0.02421886 
-4.220539 8.720882 -1.61618 -0.444515 0.5105873 -0.2768819 0.6819409 0.04153486 -3.394543 8.899475 -3.96022 -0.2630353 0.4057784 -0.02927936 0.8748138 0.02421886 
-4.28751 8.76553 -1.683151 -0.4382018 0.5121488 -0.2737522 0.6861069 0.04153486 -3.461514 8.955284 -4.016037 -0.257448 0.405929 -0.03064773 0.8763577 0.02421886 
-4.28751 8.76553 -1.683151 -0.4382018 0.5121488 -0.2737522 0.6861069 0.04153486 -3.461514 8.955284 -4.016037 -0.257448 0.405929 -0.03064773 0.8763577 0.02421886 
-4.28751 8.76553 -1.683151 -0.4382018 0.5121488 -0.2737522 0.6861069 0.04153486 -3.461514 8.955284 -4.016037 -0.257448 0.405929 -0.03064773 0.8763577 0.02421886 
-4.332157 8.776691 -1.705475 -0.4355731 0.5128605 -0.2730896 0.6875116 0.04153486 -3.517323 8.999935 -4.04953 -0.2541274 0.405308 -0.03216533 0.8775592 0.02421886 
-4.332157 8.776691 -1.705475 -0.4355731 0.5128605 -0.2730896 0.6875116 0.04153486 -3.517323 8.999935 -4.04953 -0.2541274 0.405308 -0.03216533 0.8775592 0.02421886 
-4.365643 8.776691 -1.738968 -0.432353 0.5129591 -0.2722504 0.6897997 0.04153486 -3.573135 9.08923 -4.083008 -0.2486264 0.4047245 -0.03407314 0.8793305 0.02421886 
-4.365643 8.776691 -1.738968 -0.432353 0.5129591 -0.2722504 0.6897997 0.04153486 -3.573135 9.08923 -4.083008 -0.2486264 0.4047245 -0.03407314 0.8793305 0.02421886 
-4.365643 8.776691 -1.738968 -0.432353 0.5129591 -0.2722504 0.6897997 0.04153486 -3.573135 9.08923 -4.083008 -0.2486264 0.4047245 -0.03407314 0.8793305 0.02421886 
-4.399128 8.799015 -1.750122 -0.4297593 0.5142425 -0.2707582 0.691051 0.04153486 -3.617783 9.156204 -4.105331 -0.2441014 0.4051569 -0.03527551 0.8803511 0.02421886 
-4.399128 8.799015 -1.750122 -0.4297593 0.5142425 -0.2707582 0.691051 0.04153486 -3.617783 9.156204 -4.105331 -0.2441014 0.4051569 -0.03527551 0.8803511 0.02421886 
-4.399128 8.799015 -1.727798 -0.4303748 0.5147382 -0.2707973 0.6902833 0.04153486 -3.617783 9.167366 -4.094177 -0.2435166 0.4050372 -0.03708375 0.8804939 0.02421886 
-4.399128 8.799015 -1.727798 -0.4303748 0.5147382 -0.2707973 0.6902833 0.04153486 -3.617783 9.167366 -4.094177 -0.2435166 0.4050372 -0.03708375 0.8804939 0.02421886 
-4.399128 8.799015 -1.727798 -0.4303748 0.5147382 -0.2707973 0.6902833 0.04153486 -3.617783 9.167366 -4.094177 -0.2435166 0.4050372 -0.03708375 0.8804939 0.02421886 
-4.320995 8.575771 -1.203186 -0.4677472 0.5147281 -0.280395 0.6615484 0.04153486 -3.528488 8.877151 -3.781631 -0.2725764 0.4078087 -0.04444249 0.8702982 0.02421886 
-4.320995 8.575771 -1.203186 -0.4677472 0.5147281 -0.280395 0.6615484 0.04153486 -3.528488 8.877151 -3.781631 -0.2725764 0.4078087 -0.04444249 0.8702982 0.02421886 
-4.153564 8.330208 -0.4776459 -0.518591 0.5140381 -0.2864581 0.6202984 0.04153486 -3.450352 8.319046 -3.089584 -0.3261477 0.4215437 -0.05156926 0.8445527 0.02421886 
-4.153564 8.330208 -0.4776459 -0.518591 0.5140381 -0.2864581 0.6202984 0.04153486 -3.450352 8.319046 -3.089584 -0.3261477 0.4215437 -0.05156926 0.8445527 0.02421886 
-4.153564 8.330208 -0.4776459 -0.518591 0.5140381 -0.2864581 0.6202984 0.04153486 -3.450352 8.319046 -3.089584 -0.3261477 0.4215437 -0.05156926 0.8445527 0.02421886 
-3.96381 8.218586 0.2925415 -0.5687364 0.5101047 -0.2922942 0.5752358 0.04153486 -3.394543 7.883724 -2.308228 -0.3818631 0.4370354 -0.06009434 0.8121387 0.02421886 
-3.96381 8.218586 0.2925415 -0.5687364 0.5101047 -0.2922942 0.5752358 0.04153486 -3.394543 7.883724 -2.308228 -0.3818631 0.4370354 -0.06009434 0.8121387 0.02421886 
-3.718243 8.274395 1.341782 -0.6249784 0.5082056 -0.2957735 0.5134659 0.04153486 -3.294083 7.604671 -1.236664 -0.4436278 0.4553378 -0.07184179 0.7685705 0.02421886 
-3.718243 8.274395 1.341782 -0.6249784 0.5082056 -0.2957735 0.5134659 0.04153486 -3.294083 7.604671 -1.236664 -0.4436278 0.4553378 -0.07184179 0.7685705 0.02421886 
-3.718243 8.274395 1.341782 -0.6249784 0.5082056 -0.2957735 0.5134659 0.04153486 -3.294083 7.604671 -1.236664 -0.4436278 0.4553378 -0.07184179 0.7685705 0.02421886 
-3.494999 8.430668 2.201263 -0.666231 0.5037708 -0.2990904 0.4614069 0.04153486 -3.160137 7.526535 -0.2544098 -0.4927662 0.4688892 -0.08334085 0.7282711 0.02421886 
-3.494999 8.430668 2.201263 -0.666231 0.5037708 -0.2990904 0.4614069 0.04153486 -3.160137 7.526535 -0.2544098 -0.4927662 0.4688892 -0.08334085 0.7282711 0.02421886 
-3.294083 8.452991 2.547287 -0.6931259 0.4867658 -0.3032601 0.4366565 0.04153486 -3.160137 7.526535 -0.2544098 -0.4927662 0.4688892 -0.08334085 0.7282711 0.02421886 
-3.294083 8.452991 2.547287 -0.6931259 0.4867658 -0.3032601 0.4366565 0.04153486 -3.026192 7.49305 0.3148651 -0.5274073 0.471975 -0.09297454 0.700312 0.02421886 
-3.294083 8.452991 2.547287 -0.6931259 0.4867658 -0.3032601 0.4366565 0.04153486 -3.026192 7.49305 0.3148651 -0.5274073 0.471975 -0.09297454 0.700312 0.02421886 
-3.137814 8.419506 2.658905 -0.7104223 0.4637059 -0.3132333 0.4268043 0.04153486 -2.903408 7.49305 0.7501831 -0.557059 0.4679939 -0.1038978 0.6781387 0.02421886 
-3.137814 8.419506 2.658905 -0.7104223 0.4637059 -0.3132333 0.4268043 0.04153486 -2.903408 7.49305 0.7501831 -0.557059 0.4679939 -0.1038978 0.6781387 0.02421886 
-3.01503 8.575771 2.971451 -0.7359945 0.4481904 -0.3177482 0.3955677 0.04153486 -2.903408 7.49305 0.7501831 -0.557059 0.4679939 -0.1038978 0.6781387 0.02421886 
-3.01503 8.575771 2.971451 -0.7359945 0.4481904 -0.3177482 0.3955677 0.04153486 -2.836437 7.548859 1.096207 -0.5813922 0.4664245 -0.1136173 0.6569037 0.02421886 
-3.01503 8.575771 2.971451 -0.7359945 0.4481904 -0.3177482 0.3955677 0.04153486 -2.836437 7.548859 1.096207 -0.5813922 0.4664245 -0.1136173 0.6569037 0.02421886 
-3.003864 8.821339 3.306305 -0.7516074 0.4440393 -0.3238041 0.3647828 0.04153486 -2.791786 7.59351 1.397583 -0.6019246 0.4640882 -0.1193238 0.6388043 0.02421886 
-3.003864 8.821339 3.306305 -0.7516074 0.4440393 -0.3238041 0.3647828 0.04153486 -2.791786 7.59351 1.397583 -0.6019246 0.4640882 -0.1193238 0.6388043 0.02421886 
-3.003864 8.821339 3.306305 -0.7516074 0.4440393 -0.3238041 0.3647828 0.04153486 -2.791786 7.59351 1.397583 -0.6019246 0.4640882 -0.1193238 0.6388043 0.02421886 
-2.959217 9.066906 3.518387 -0.762549 0.4404185 -0.3239083 0.3458814 0.04153486 -2.791786 7.693966 1.598511 -0.6145449 0.4632796 -0.1232327 0.6265144 0.02421886 
-2.959217 9.066906 3.518387 -0.762549 0.4404185 -0.3239083 0.3458814 0.04153486 -2.791786 7.693966 1.598511 -0.6145449 0.4632796 -0.1232327 0.6265144 0.02421886 
-3.059677 9.301311 3.630005 -0.765478 0.44643 -0.325035 0.3302969 0.04153486 -2.814114 7.738613 1.576187 -0.6169018 0.4625909 -0.1228509 0.6247796 0.02421886 
-3.059677 9.301311 3.630005 -0.765478 0.44643 -0.325035 0.3302969 0.04153486 -2.814114 7.738613 1.576187 -0.6169018 0.4625909 -0.1228509 0.6247796 0.02421886 
-3.059677 9.301311 3.630005 -0.765478 0.44643 -0.325035 0.3302969 0.04153486 -2.814114 7.738613 1.576187 -0.6169018 0.4625909 -0.1228509 0.6247796 0.02421886 
-3.093166 9.167366 3.507233 -0.7629625 0.4435469 -0.3227482 0.3420353 0.04153486 -2.836437 7.71629 1.498047 -0.6146125 0.4606127 -0.1208125 0.6288815 0.02421886 
-3.093166 9.167366 3.507233 -0.7629625 0.4435469 -0.3227482 0.3420353 0.04153486 -2.836437 7.71629 1.498047 -0.6146125 0.4606127 -0.1208125 0.6288815 0.02421886 
-3.204784 9.011097 3.317474 -0.7548802 0.4451302 -0.3230701 0.3572683 0.04153486 -2.892246 7.59351 1.207825 -0.6030577 0.4544703 -0.1163638 0.6451649 0.02421886 
-3.204784 9.011097 3.317474 -0.7548802 0.4451302 -0.3230701 0.3572683 0.04153486 -2.892246 7.59351 1.207825 -0.6030577 0.4544703 -0.1163638 0.6451649 0.02421886 
-3.204784 9.011097 3.317474 -0.7548802 0.4451302 -0.3230701 0.3572683 0.04153486 -2.892246 7.59351 1.207825 -0.6030577 0.4544703 -0.1163638 0.6451649 0.02421886 
-3.260593 8.821339 3.094223 -0.7453824 0.4480321 -0.3191714 0.376566 0.04153486 -2.948055 7.515373 0.9064636 -0.5891981 0.4516241 -0.1102172 0.6608582 0.02421886 
-3.260593 8.821339 3.094223 -0.7453824 0.4480321 -0.3191714 0.376566 0.04153486 -2.948055 7.515373 0.9064636 -0.5891981 0.4516241 -0.1102172 0.6608582 0.02421886 
-3.361053 8.542286 2.569611 -0.723539 0.4539383 -0.3142844 0.4143147 0.04153486 -3.01503 7.437237 0.3036957 -0.5612897 0.4460016 -0.09918571 0.6900715 0.02421886 
-3.361053 8.542286 2.569611 -0.723539 0.4539383 -0.3142844 0.4143147 0.04153486 -3.01503 7.437237 0.3036957 -0.5612897 0.4460016 -0.09918571 0.6900715 0.02421886 
-3.361053 8.542286 2.569611 -0.723539 0.4539383 -0.3142844 0.4143147 0.04153486 -3.01503 7.437237 0.3036957 -0.5612897 0.4460016 -0.09918571 0.6900715 0.02421886 
-3.483837 8.30788 2.011505 -0.6942063 0.4632291 -0.3078822 0.4568424 0.04153486 -3.059677 7.39259 -0.3660278 -0.5249314 0.4398667 -0.08838935 0.7232922 0.02421886 
-3.483837 8.30788 2.011505 -0.6942063 0.4632291 -0.3078822 0.4568424 0.04153486 -3.059677 7.39259 -0.3660278 -0.5249314 0.4398667 -0.08838935 0.7232922 0.02421886 
-3.584297 8.140453 1.52037 -0.6652499 0.4743225 -0.2972326 0.4940784 0.04153486 -3.148975 7.45956 -0.9576111 -0.4878385 0.4379234 -0.07567929 0.7513384 0.02421886 
-3.584297 8.140453 1.52037 -0.6652499 0.4743225 -0.2972326 0.4940784 0.04153486 -3.148975 7.45956 -0.9576111 -0.4878385 0.4379234 -0.07567929 0.7513384 0.02421886 
-3.584297 8.140453 1.52037 -0.6652499 0.4743225 -0.2972326 0.4940784 0.04153486 -3.148975 7.45956 -0.9576111 -0.4878385 0.4379234 -0.07567929 0.7513384 0.02421886 
-3.76289 8.084641 0.9399414 -0.6240992 0.4910083 -0.2840282 0.5373444 0.04153486 -3.316406 7.66048 -1.62735 -0.438949 0.4389371 -0.06123785 0.781606 0.02421886 
-3.76289 8.084641 0.9399414 -0.6240992 0.4910083 -0.2840282 0.5373444 0.04153486 -3.316406 7.66048 -1.62735 -0.438949 0.4389371 -0.06123785 0.781606 0.02421886 
-3.952648 8.162777 0.4264832 -0.582358 0.5083622 -0.2700588 0.5740167 0.04153486 -3.506161 8.028828 -2.26358 -0.3844496 0.4405808 -0.04833609 0.8097844 0.02421886 
-3.952648 8.162777 0.4264832 -0.582358 0.5083622 -0.2700588 0.5740167 0.04153486 -3.506161 8.028828 -2.26358 -0.3844496 0.4405808 -0.04833609 0.8097844 0.02421886 
-3.952648 8.162777 0.4264832 -0.582358 0.5083622 -0.2700588 0.5740167 0.04153486 -3.506161 8.028828 -2.26358 -0.3844496 0.4405808 -0.04833609 0.8097844 0.02421886 
-4.153564 8.386017 -0.1316223 -0.5325156 0.5273547 -0.2543612 0.6112483 0.04153486 -3.662434 8.497639 -2.799362 -0.3334635 0.4414013 -0.03763292 0.8321964 0.02421886 
-4.153564 8.386017 -0.1316223 -0.5325156 0.5273547 -0.2543612 0.6112483 0.04153486 -3.662434 8.497639 -2.799362 -0.3334635 0.4414013 -0.03763292 0.8321964 0.02421886 
-4.332157 8.698559 -0.5446167 -0.4847667 0.546745 -0.2377466 0.6399592 0.04153486 -3.841026 9.055744 -3.24585 -0.2803724 0.4455722 -0.02934011 0.8497034 0.02421886 
-4.332157 8.698559 -0.5446167 -0.4847667 0.546745 -0.2377466 0.6399592 0.04153486 -3.841026 9.055744 -3.24585 -0.2803724 0.4455722 -0.02934011 0.8497034 0.02421886 
-4.332157 8.698559 -0.5446167 -0.4847667 0.546745 -0.2377466 0.6399592 0.04153486 -3.841026 9.055744 -3.24585 -0.2803724 0.4455722 -0.02934011 0.8497034 0.02421886 
-4.499588 9.111553 -0.9241333 -0.4327577 0.5645047 -0.220618 0.6673701 0.04153486 -3.974972 9.725471 -3.625366 -0.2235118 0.4483107 -0.02166507 0.8652114 0.02421886 
-4.499588 9.111553 -0.9241333 -0.4327577 0.5645047 -0.220618 0.6673701 0.04153486 -3.974972 9.725471 -3.625366 -0.2235118 0.4483107 -0.02166507 0.8652114 0.02421886 
-4.61121 9.546879 -1.270157 -0.3827173 0.5784969 -0.2061462 0.6901975 0.04153486 -4.041943 10.38404 -3.915573 -0.1706078 0.4483586 -0.01592292 0.8772765 0.02421886 
-4.61121 9.546879 -1.270157 -0.3827173 0.5784969 -0.2061462 0.6901975 0.04153486 -4.041943 10.38404 -3.915573 -0.1706078 0.4483586 -0.01592292 0.8772765 0.02421886 
-4.61121 9.546879 -1.270157 -0.3827173 0.5784969 -0.2061462 0.6901975 0.04153486 -4.041943 10.38404 -3.915573 -0.1706078 0.4483586 -0.01592292 0.8772765 0.02421886 
-4.678185 9.859417 -1.426422 -0.351293 0.5888266 -0.1962615 0.7009693 0.04153486 -4.053104 10.93098 -4.04953 -0.1325731 0.4497764 -0.01251246 0.8831586 0.02421886 
-4.678185 9.859417 -1.426422 -0.351293 0.5888266 -0.1962615 0.7009693 0.04153486 -4.053104 10.93098 -4.04953 -0.1325731 0.4497764 -0.01251246 0.8831586 0.02421886 
-4.71167 10.04917 -1.471069 -0.3350716 0.5964207 -0.1825529 0.7061755 0.04153486 -4.108917 11.23236 -4.071838 -0.1121877 0.4543972 -0.01051735 0.8836439 0.02421886 
-4.71167 10.04917 -1.471069 -0.3350716 0.5964207 -0.1825529 0.7061755 0.04153486 -4.108917 11.23236 -4.071838 -0.1121877 0.4543972 -0.01051735 0.8836439 0.02421886 
-4.71167 10.04917 -1.471069 -0.3350716 0.5964207 -0.1825529 0.7061755 0.04153486 -4.108917 11.23236 -4.071838 -0.1121877 0.4543972 -0.01051735 0.8836439 0.02421886 
-4.689346 10.08266 -1.471069 -0.3321331 0.597924 -0.1717619 0.708994 0.04153486 -4.164726 11.37746 -4.038361 -0.1035489 0.4591225 -0.009699167 0.8822643 0.02421886 
-4.689346 10.08266 -1.471069 -0.3321331 0.597924 -0.1717619 0.708994 0.04153486 -4.164726 11.37746 -4.038361 -0.1035489 0.4591225 -0.009699167 0.8822643 0.02421886 
-4.689346 10.09382 -1.459915 -0.3312972 0.5981563 -0.1661585 0.7105228 0.04153486 -4.18705 11.43327 -4.016037 -0.1001076 0.4618388 -0.009944633 0.8812403 0.02421886 
-4.689346 10.09382 -1.459915 -0.3312972 0.5981563 -0.1661585 0.7105228 0.04153486 -4.18705 11.43327 -4.016037 -0.1001076 0.4618388 -0.009944633 0.8812403 0.02421886 
-4.689346 10.09382 -1.459915 -0.3312972 0.5981563 -0.1661585 0.7105228 0.04153486 -4.18705 11.43327 -4.016037 -0.1001076 0.4618388 -0.009944633 0.8812403 0.02421886 
-4.700508 10.09382 -1.471069 -0.3315202 0.5977208 -0.1653662 0.71097 0.04153486 -4.209377 11.4556 -3.993713 -0.09917686 0.4638526 -0.0111515 0.8802729 0.02421886 
-4.700508 10.09382 -1.471069 -0.3315202 0.5977208 -0.1653662 0.71097 0.04153486 -4.209377 11.4556 -3.993713 -0.09917686 0.4638526 -0.0111515 0.8802729 0.02421886 
-4.700508 10.09382 -1.471069 -0.332358 0.596814 -0.1679524 0.7107344 0.04153486 -4.254025 11.41095 -3.96022 -0.1052521 0.4659509 -0.01532656 0.8783945 0.02421886 
-4.700508 10.09382 -1.471069 -0.332358 0.596814 -0.1679524 0.7107344 0.04153486 -4.254025 11.41095 -3.96022 -0.1052521 0.4659509 -0.01532656 0.8783945 0.02421886 
-4.700508 10.09382 -1.471069 -0.332358 0.596814 -0.1679524 0.7107344 0.04153486 -4.254025 11.41095 -3.96022 -0.1052521 0.4659509 -0.01532656 0.8783945 0.02421886 
-4.722832 10.03801 -1.415268 -0.3406227 0.5923183 -0.1869465 0.7058231 0.04153486 -4.254025 11.21003 -3.870926 -0.1232609 0.4679717 -0.02276512 0.8748091 0.02421886 
-4.722832 10.03801 -1.415268 -0.3406227 0.5923183 -0.1869465 0.7058231 0.04153486 -4.254025 11.21003 -3.870926 -0.1232609 0.4679717 -0.02276512 0.8748091 0.02421886 
-4.745155 9.948711 -1.147369 -0.3616009 0.5981195 -0.2018659 0.6861109 0.04153486 -4.265186 10.93098 -3.714661 -0.1486262 0.470567 -0.02922409 0.8692657 0.02421886 
-4.745155 9.948711 -1.147369 -0.3616009 0.5981195 -0.2018659 0.6861109 0.04153486 -4.265186 10.93098 -3.714661 -0.1486262 0.470567 -0.02922409 0.8692657 0.02421886 
-4.745155 9.948711 -1.147369 -0.3616009 0.5981195 -0.2018659 0.6861109 0.04153486 -4.265186 10.93098 -3.714661 -0.1486262 0.470567 -0.02922409 0.8692657 0.02421886 
-4.71167 9.747795 -0.8571625 -0.3911664 0.5982875 -0.2132023 0.6660223 0.04153486 -4.265186 10.49566 -3.480255 -0.184675 0.4738131 -0.03766352 0.8602196 0.02421886 
-4.71167 9.747795 -0.8571625 -0.3911664 0.5982875 -0.2132023 0.6660223 0.04153486 -4.265186 10.49566 -3.480255 -0.184675 0.4738131 -0.03766352 0.8602196 0.02421886 
-4.577724 9.357121 -0.5334625 -0.4372268 0.5866929 -0.2272546 0.6426349 0.04153486 -4.198215 9.959873 -3.23468 -0.2292139 0.473182 -0.04638776 0.8493574 0.02421886 
-4.577724 9.357121 -0.5334625 -0.4372268 0.5866929 -0.2272546 0.6426349 0.04153486 -4.198215 9.959873 -3.23468 -0.2292139 0.473182 -0.04638776 0.8493574 0.02421886 
-4.577724 9.357121 -0.5334625 -0.4372268 0.5866929 -0.2272546 0.6426349 0.04153486 -4.198215 9.959873 -3.23468 -0.2292139 0.473182 -0.04638776 0.8493574 0.02421886 
-4.421455 8.999935 -0.2209167 -0.4799227 0.5706933 -0.2434698 0.6202466 0.04153486 -4.041943 9.345959 -2.92215 -0.277845 0.4677797 -0.0561358 0.8371578 0.02421886 
-4.421455 8.999935 -0.2209167 -0.4799227 0.5706933 -0.2434698 0.6202466 0.04153486 -4.041943 9.345959 -2.92215 -0.277845 0.4677797 -0.0561358 0.8371578 0.02421886 
-4.242863 8.66507 0.1362762 -0.5228928 0.5521144 -0.2590298 0.5955304 0.04153486 -3.818703 8.687393 -2.509155 -0.332273 0.4590726 -0.06570386 0.8212977 0.02421886 
-4.242863 8.66507 0.1362762 -0.5228928 0.5521144 -0.2590298 0.5955304 0.04153486 -3.818703 8.687393 -2.509155 -0.332273 0.4590726 -0.06570386 0.8212977 0.02421886 
-4.242863 8.66507 0.1362762 -0.5228928 0.5521144 -0.2590298 0.5955304 0.04153486 -3.818703 8.687393 -2.509155 -0.332273 0.4590726 -0.06570386 0.8212977 0.02421886 
-3.986134 8.285557 0.7055359 -0.5768842 0.5269362 -0.2780608 0.5587711 0.04153486 -3.550812 8.017666 -1.884064 -0.3951453 0.4495748 -0.07725106 0.7973551 0.02421886 
-3.986134 8.285557 0.7055359 -0.5768842 0.5269362 -0.2780608 0.5587711 0.04153486 -3.550812 8.017666 -1.884064 -0.3951453 0.4495748 -0.07725106 0.7973551 0.02421886 
-3.695919 7.995342 1.464569 -0.6341766 0.4986272 -0.2991347 0.5096169 0.04153486 -3.305244 7.437237 -1.125046 -0.4575543 0.4414558 -0.09111203 0.766459 0.02421886 
-3.695919 7.995342 1.464569 -0.6341766 0.4986272 -0.2991347 0.5096169 0.04153486 -3.305244 7.437237 -1.125046 -0.4575543 0.4414558 -0.09111203 0.766459 0.02421886 
-3.695919 7.995342 1.464569 -0.6341766 0.4986272 -0.2991347 0.5096169 0.04153486 -3.305244 7.437237 -1.125046 -0.4575543 0.4414558 -0.09111203 0.766459 0.02421886 
-3.506161 7.906048 1.989182 -0.6728706 0.4755658 -0.3153705 0.4707694 0.04153486 -3.093166 7.06889 -0.4664917 -0.5075412 0.4340521 -0.1055968 0.7367836 0.02421886 
-3.506161 7.906048 1.989182 -0.6728706 0.4755658 -0.3153705 0.4707694 0.04153486 -3.093166 7.06889 -0.4664917 -0.5075412 0.4340521 -0.1055968 0.7367836 0.02421886 
-3.450352 7.894886 2.245911 -0.6956601 0.45556 -0.3326266 0.4448389 0.04153486 -2.970383 6.86797 -0.008834839 -0.5429759 0.427847 -0.1197655 0.712587 0.02421886 
-3.450352 7.894886 2.245911 -0.6956601 0.45556 -0.3326266 0.4448389 0.04153486 -2.970383 6.86797 -0.008834839 -0.5429759 0.427847 -0.1197655 0.712587 0.02421886 
-3.450352 7.894886 2.245911 -0.6956601 0.45556 -0.3326266 0.4448389 0.04153486 -2.970383 6.86797 -0.008834839 -0.5429759 0.427847 -0.1197655 0.712587 0.02421886 
-3.461514 7.950695 2.335205 -0.707029 0.4354043 -0.3555144 0.4291185 0.04153486 -2.936893 6.789837 0.3260193 -0.5682664 0.4201423 -0.1353962 0.6944218 0.02421886 
-3.461514 7.950695 2.335205 -0.707029 0.4354043 -0.3555144 0.4291185 0.04153486 -2.936893 6.789837 0.3260193 -0.5682664 0.4201423 -0.1353962 0.6944218 0.02421886 
-3.550808 8.073479 2.402176 -0.7136605 0.4227082 -0.378659 0.4106385 0.04153486 -2.959217 6.778675 0.605072 -0.5873537 0.4131863 -0.1529432 0.678897 0.02421886 
-3.550808 8.073479 2.402176 -0.7136605 0.4227082 -0.378659 0.4106385 0.04153486 -2.959217 6.778675 0.605072 -0.5873537 0.4131863 -0.1529432 0.678897 0.02421886 
-3.550808 8.073479 2.402176 -0.7136605 0.4227082 -0.378659 0.4106385 0.04153486 -2.959217 6.778675 0.605072 -0.5873537 0.4131863 -0.1529432 0.678897 0.02421886 
-3.628944 8.218586 2.547287 -0.7217478 0.4144076 -0.3940351 0.3899781 0.04153486 -2.992706 6.800999 0.8059998 -0.600042 0.4105926 -0.1638771 0.6667141 0.02421886 
-3.628944 8.218586 2.547287 -0.7217478 0.4144076 -0.3940351 0.3899781 0.04153486 -2.992706 6.800999 0.8059998 -0.600042 0.4105926 -0.1638771 0.6667141 0.02421886 
-3.606621 8.173939 2.603088 -0.7295992 0.402859 -0.3971166 0.3843021 0.04153486 -2.981544 6.789837 0.962265 -0.6114318 0.4070588 -0.1684856 0.657318 0.02421886 
-3.606621 8.173939 2.603088 -0.7295992 0.402859 -0.3971166 0.3843021 0.04153486 -2.981544 6.789837 0.962265 -0.6114318 0.4070588 -0.1684856 0.657318 0.02421886 
-3.606621 8.173939 2.603088 -0.7295992 0.402859 -0.3971166 0.3843021 0.04153486 -2.981544 6.789837 0.962265 -0.6114318 0.4070588 -0.1684856 0.657318 0.02421886 
-3.573135 8.118126 2.636581 -0.7357678 0.3940045 -0.3969223 0.381915 0.04153486 -2.948055 6.767513 1.073883 -0.6198777 0.4039376 -0.1713438 0.6505593 0.02421886 
-3.573135 8.118126 2.636581 -0.7357678 0.3940045 -0.3969223 0.381915 0.04153486 -2.948055 6.767513 1.073883 -0.6198777 0.4039376 -0.1713438 0.6505593 0.02421886 
-3.573135 8.140453 2.714722 -0.7402084 0.3914581 -0.3978564 0.3749164 0.04153486 -2.959217 6.789837 1.163177 -0.6241086 0.4037181 -0.1733449 0.6461051 0.02421886 
-3.573135 8.140453 2.714722 -0.7402084 0.3914581 -0.3978564 0.3749164 0.04153486 -2.959217 6.789837 1.163177 -0.6241086 0.4037181 -0.1733449 0.6461051 0.02421886 
-3.573135 8.140453 2.714722 -0.7402084 0.3914581 -0.3978564 0.3749164 0.04153486 -2.959217 6.789837 1.163177 -0.6241086 0.4037181 -0.1733449 0.6461051 0.02421886 
-3.595459 8.162777 2.714722 -0.7394683 0.3917755 -0.4003154 0.3734248 0.04153486 -2.981544 6.800999 1.163177 -0.6243122 0.4041429 -0.1750958 0.64517 0.02421886 
-3.595459 8.162777 2.714722 -0.7394683 0.3917755 -0.4003154 0.3734248 0.04153486 -2.981544 6.800999 1.163177 -0.6243122 0.4041429 -0.1750958 0.64517 0.02421886 
-3.617783 8.173939 2.681229 -0.7365411 0.392193 -0.4031752 0.3756882 0.04153486 -3.003868 6.800999 1.152023 -0.6228882 0.4042215 -0.1763281 0.6461607 0.02421886 
-3.617783 8.173939 2.681229 -0.7365411 0.392193 -0.4031752 0.3756882 0.04153486 -3.003868 6.800999 1.152023 -0.6228882 0.4042215 -0.1763281 0.6461607 0.02421886 
-3.617783 8.173939 2.681229 -0.7365411 0.392193 -0.4031752 0.3756882 0.04153486 -3.003868 6.800999 1.152023 -0.6228882 0.4042215 -0.1763281 0.6461607 0.02421886 
-3.640106 8.207424 2.658905 -0.7345805 0.3940336 -0.4046139 0.376054 0.04153486 -3.026192 6.823322 1.11853 -0.6202542 0.405179 -0.1772096 0.6478514 0.02421886 
-3.640106 8.207424 2.658905 -0.7345805 0.3940336 -0.4046139 0.376054 0.04153486 -3.026192 6.823322 1.11853 -0.6202542 0.405179 -0.1772096 0.6478514 0.02421886 
-3.640106 8.218586 2.658905 -0.7337429 0.3956012 -0.4043528 0.3763242 0.04153486 -3.037354 6.845646 1.085052 -0.6173944 0.4066879 -0.1766354 0.6497915 0.02421886 
-3.640106 8.218586 2.658905 -0.7337429 0.3956012 -0.4043528 0.3763242 0.04153486 -3.037354 6.845646 1.085052 -0.6173944 0.4066879 -0.1766354 0.6497915 0.02421886 
-3.640106 8.218586 2.658905 -0.7337429 0.3956012 -0.4043528 0.3763242 0.04153486 -3.037354 6.845646 1.085052 -0.6173944 0.4066879 -0.1766354 0.6497915 0.02421886 
-3.651272 8.229748 2.647751 -0.7318763 0.3977771 -0.4046142 0.3773828 0.04153486 -3.037354 6.86797 1.051559 -0.6142841 0.4079749 -0.1763376 0.6520097 0.02421886 
-3.651272 8.229748 2.647751 -0.7318763 0.3977771 -0.4046142 0.3773828 0.04153486 -3.037354 6.86797 1.051559 -0.6142841 0.4079749 -0.1763376 0.6520097 0.02421886 
-3.662434 8.252071 2.636581 -0.7302021 0.4004511 -0.4053917 0.3769635 0.04153486 -3.048515 6.879131 1.040405 -0.6124984 0.4091706 -0.1765027 0.652895 0.02421886 
-3.662434 8.252071 2.636581 -0.7302021 0.4004511 -0.4053917 0.3769635 0.04153486 -3.048515 6.879131 1.040405 -0.6124984 0.4091706 -0.1765027 0.652895 0.02421886 
-3.662434 8.252071 2.636581 -0.7302021 0.4004511 -0.4053917 0.3769635 0.04153486 -3.048515 6.879131 1.040405 -0.6124984 0.4091706 -0.1765027 0.652895 0.02421886 
-3.684757 8.285557 2.647751 -0.7291373 0.403356 -0.4058962 0.3753812 0.04153486 -3.070839 6.879131 1.029236 -0.6111512 0.4105799 -0.1765712 0.6532542 0.02421886 
-3.684757 8.285557 2.647751 -0.7291373 0.403356 -0.4058962 0.3753812 0.04153486 -3.070839 6.879131 1.029236 -0.6111512 0.4105799 -0.1765712 0.6532542 0.02421886 
-3.707081 8.296719 2.636581 -0.728 0.4050205 -0.4062728 0.3753889 0.04153486 -3.082005 6.890293 1.006912 -0.6091332 0.4117435 -0.1768192 0.6543386 0.02421886 
-3.707081 8.296719 2.636581 -0.728 0.4050205 -0.4062728 0.3753889 0.04153486 -3.082005 6.890293 1.006912 -0.6091332 0.4117435 -0.1768192 0.6543386 0.02421886 
-3.707081 8.296719 2.636581 -0.728 0.4050205 -0.4062728 0.3753889 0.04153486 -3.082005 6.890293 1.006912 -0.6091332 0.4117435 -0.1768192 0.6543386 0.02421886 
-3.718243 8.30788 2.636581 -0.7271605 0.4057563 -0.4067054 0.3757529 0.04153486 -3.093166 6.879131 0.9957581 -0.6081381 0.4121689 -0.1771747 0.6549001 0.02421886 
-3.718243 8.30788 2.636581 -0.7271605 0.4057563 -0.4067054 0.3757529 0.04153486 -3.093166 6.879131 0.9957581 -0.6081381 0.4121689 -0.1771747 0.6549001 0.02421886 
-3.718243 8.30788 2.636581 -0.7269584 0.406337 -0.4064889 0.3757508 0.04153486 -3.11549 6.879131 0.9957581 -0.6074092 0.4129841 -0.1769882 0.6551132 0.02421886 
-3.718243 8.30788 2.636581 -0.7269584 0.406337 -0.4064889 0.3757508 0.04153486 -3.11549 6.879131 0.9957581 -0.6074092 0.4129841 -0.1769882 0.6551132 0.02421886 
-3.718243 8.30788 2.636581 -0.7269584 0.406337 -0.4064889 0.3757508 0.04153486 -3.11549 6.879131 0.9957581 -0.6074092 0.4129841 -0.1769882 0.6551132 0.02421886 
-3.729404 8.30788 2.636581 -0.7266775 0.407007 -0.4062308 0.3758479 0.04153486 -3.137814 6.879131 0.9734192 -0.6061483 0.4138087 -0.1766448 0.6558531 0.02421886 
-3.729404 8.30788 2.636581 -0.7266775 0.407007 -0.4062308 0.3758479 0.04153486 -3.137814 6.879131 0.9734192 -0.6061483 0.4138087 -0.1766448 0.6558531 0.02421886 
-3.740566 8.319046 2.636581 -0.7259849 0.4081253 -0.4059717 0.3762535 0.04153486 -3.137814 6.879131 0.962265 -0.6050628 0.4144638 -0.176391 0.6565096 0.02421886 
