0 -8.927792 11.52201 -80.38117 327.1017 270.3942 138.8421 147.1011 0.6090934 89.60577 
0 -10.2584 10.9776 -40.29781 327.4873 270.0728 142.7704 147.4873 0.1136409 89.9272 
0 -11.55338 10.26885 -0.3452994 329.5033 270.287 146.5869 149.5029 0.4873863 89.71299 
0 -12.25965 9.539364 39.43089 327.847 269.199 154.1978 147.8444 1.274107 90.80103 
0 -12.86421 9.022279 78.96262 325.8504 268.6694 175.6457 145.8432 1.960644 91.33057 
0 -49.37523 11.41571 -81.4649 330.342 269.4956 162.0153 150.341 0.8858072 90.50442 
0 -49.98928 10.65272 -41.09675 327.7671 270.5653 161.2455 147.7659 0.8963478 89.43477 
0 -51.10047 9.879228 -1.123104 327.9867 270.1923 164.4952 147.9865 0.3071049 89.80775 
0 -51.88815 9.31179 38.68837 327.7257 271.2363 175.937 147.7197 1.956548 88.7637 
0 -53.1648 10.35489 75.71998 325.6544 272.0291 199.2566 145.6377 2.966165 87.97093 
0 -87.96401 11.39765 -82.7917 326.742 269.118 177.2981 146.739 1.344503 90.88193 
0 -89.40204 11.16376 -42.1902 332.5767 269.9314 89.36038 152.5767 0.132704 90.06855 
0 -90.75959 10.34825 -2.109942 331.6615 269.7077 76.35328 151.6612 0.5421248 90.29234 
0 -91.83057 9.339888 37.83044 328.5092 270.2529 54.63253 148.509 0.4125943 89.74713 
0 -92.97797 9.067081 77.00847 327.1227 270.2843 16.93999 147.1224 0.4396856 89.71571 
0 -128.0136 11.7401 -83.83485 333.0619 270.1967 97.98022 153.0618 0.3871488 89.80331 
0 -129.3573 11.28528 -43.41679 332.8405 269.8982 94.96301 152.8405 0.1988102 90.10178 
0 -130.3825 10.46597 -3.2941 331.8255 268.5351 83.60788 151.8177 2.732658 91.46492 
0 -131.0698 9.762963 36.52785 330.9279 269.2482 64.43166 150.9258 1.35205 90.75186 
0 -131.0407 10.07344 73.84821 327.1725 268.1214 38.7313 147.1585 2.908855 91.87857 
0 -167.9735 11.74177 -84.43056 333.1062 271.1948 100.6667 153.1013 2.354264 88.80519 
0 -168.9093 10.99095 -44.56203 330.9321 270.6827 103.1723 150.9304 1.228123 89.31723 
0 -169.5926 10.40889 -4.209082 330.2811 269.1135 96.33651 150.2781 1.552552 90.88654 
0 -170.2395 9.334301 35.77031 331.4095 268.6096 83.9606 151.4025 2.549447 91.39048 
0 -171.3528 8.911788 75.11049 332.0539 264.289 80.52625 151.9357 10.62403 95.71104 
