0 -9.280302 34.78916 -80.30345 334.5164 180.1325 300.5109 90.27802 64.51633 179.8688 
0 -9.727266 33.98159 -40.4674 333.8267 180.1206 295.4921 90.24532 63.82669 179.8797 
0 -10.23215 33.43156 -0.7877107 336.9444 178.615 295.0445 86.74973 66.93835 178.6151 
0 -11.38863 32.68783 40.36807 335.0262 180.4578 279.6356 90.98286 65.02545 179.5424 
0 -12.55915 32.0055 80.99103 334.6964 181.9604 275.5903 94.13854 64.68342 178.0397 
0 -48.58631 34.72594 -83.01363 332.8465 179.7251 257.2996 89.46397 62.84624 179.7252 
0 -49.68006 33.82351 -41.83034 332.5945 180.3235 223.6608 90.62392 62.59409 179.6768 
0 -50.00713 33.01262 -1.271338 334.7625 180.5217 221.0148 91.10667 64.76162 179.4785 
0 -50.91517 31.98757 38.78835 334.226 177.1918 247.8261 84.20637 64.19905 177.1918 
0 -52.1025 31.12468 78.76459 335.0142 178.2687 252.0404 86.29057 65.00415 178.2687 
0 -89.02076 34.4111 -82.17 336.2982 179.0191 193.5295 87.76692 66.29511 179.0192 
0 -89.25709 33.61434 -41.3772 332.9692 178.6435 198.7576 87.34341 62.96266 178.6435 
0 -90.48276 32.50706 -1.137496 330.2047 178.6668 209.3592 87.67298 60.198 178.6667 
0 -90.63657 31.74033 37.88615 333.5934 180.5439 196.5368 91.0951 63.5924 179.4561 
0 -92.05475 26.59455 87.75092 347.3644 181.2972 230.5199 95.76642 77.36124 178.7028 
0 -128.2836 33.94276 -83.0724 335.7318 179.7354 186.4239 89.41315 65.73159 179.7353 
0 -128.1887 33.37726 -42.4458 335.5395 179.3015 183.7426 88.46492 65.53789 179.3017 
0 -129.0425 32.7844 -2.900611 337.5236 177.4534 154.2445 83.87049 67.50363 177.4535 
0 -130.6417 31.9398 38.32063 332.9633 179.3562 165.0167 88.73875 62.9618 179.3562 
0 -130.4518 30.63463 76.34161 330.8878 181.4664 155.5221 92.63141 60.87985 178.5335 
0 -168.8958 33.76169 -83.10504 333.9149 180.2033 152.2487 90.41489 63.91475 179.7973 
0 -169.5686 33.1122 -42.68839 334.447 180.121 155.4874 90.25336 64.44698 179.8797 
0 -170.2887 32.32491 -2.342252 331.3194 178.7657 185.2657 87.74496 61.31378 178.7657 
0 -170.3401 31.81502 36.58016 335.5513 177.4721 162.197 84.45921 65.53029 177.4722 
0 -171.6435 30.64783 77.39972 328.1841 178.2987 197.8462 87.26021 58.17283 178.2987 
