8.795048713684082031e+00 9.989149093627929688e+00 -7.752848267555236816e-01 8.599224686622619629e-02 4.652491807937622070e-01 -1.007767319679260254e-01 7.597017288208007812e-01 1.619446277618408203e-02
7.849540710449218750e+00 1.003789997100830078e+01 -1.319731712341308594e+00 7.529243826866149902e-02 4.411985874176025391e-01 -6.323015689849853516e-02 7.574084401130676270e-01 1.564432382583618164e-01
9.267149925231933594e+00 9.554632186889648438e+00 -7.736708521842956543e-01 7.641936838626861572e-02 4.682457447052001953e-01 -1.008447408676147461e-01 7.586188912391662598e-01 -7.762992382049560547e-02
7.293554306030273438e+00 1.048294830322265625e+01 -1.394367069005966187e-01 1.253727376461029053e-01 4.786718487739562988e-01 -9.435683488845825195e-02 7.790078520774841309e-01 1.389409303665161133e-01
7.070512771606445312e+00 8.486493110656738281e+00 -1.705069303512573242e+00 2.223899960517883301e-02 4.202104806900024414e-01 3.523212671279907227e-02 7.492850422859191895e-01 1.911054849624633789e-01
7.376948356628417969e+00 7.361306667327880859e+00 -1.420500278472900391e+00 -1.087322831153869629e-02 4.368222653865814209e-01 7.919555902481079102e-02 7.374244928359985352e-01 2.407175302505493164e-01
7.154728889465332031e+00 6.475966453552246094e+00 -2.387988418340682983e-01 3.720985352993011475e-02 4.608324766159057617e-01 7.326117157936096191e-02 7.979711294174194336e-01 4.254608154296875000e-01
6.385739326477050781e+00 5.502927303314208984e+00 9.542956948280334473e-01 6.210157275199890137e-02 4.909920096397399902e-01 1.002315282821655273e-01 8.418818712234497070e-01 4.709795713424682617e-01
6.236056327819824219e+00 5.021614551544189453e+00 1.230326890945434570e+00 5.168175697326660156e-02 4.852285385131835938e-01 1.261991262435913086e-01 8.306162357330322266e-01 8.502049446105957031e-01
6.672198295593261719e+00 4.754763126373291016e+00 1.457385659217834473e+00 4.347157478332519531e-02 4.830591082572937012e-01 1.258702576160430908e-01 8.158745765686035156e-01 1.163446664810180664e+00
6.535126686096191406e+00 4.439918994903564453e+00 1.347260951995849609e+00 3.728669881820678711e-02 4.696091413497924805e-01 1.501476764678955078e-01 8.265353441238403320e-01 1.516103625297546387e+00
6.165953636169433594e+00 3.829294681549072266e+00 1.458959579467773438e+00 5.567505955696105957e-02 4.412958621978759766e-01 1.641878187656402588e-01 8.443006873130798340e-01 2.173984527587890625e+00
6.164453506469726562e+00 3.749464988708496094e+00 1.333558201789855957e+00 5.167943239212036133e-02 4.344874918460845947e-01 1.694663465023040771e-01 8.424958586692810059e-01 2.230472564697265625e+00
5.956853866577148438e+00 3.668237447738647461e+00 1.300114393234252930e+00 5.755999684333801270e-02 4.271358847618103027e-01 1.716087162494659424e-01 8.425137400627136230e-01 2.334176063537597656e+00
5.929262161254882812e+00 3.616860866546630859e+00 1.200853347778320312e+00 6.015461683273315430e-02 4.189990460872650146e-01 1.704436540603637695e-01 8.408845663070678711e-01 2.424651622772216797e+00
5.914193153381347656e+00 3.560282945632934570e+00 1.277926683425903320e+00 6.198260188102722168e-02 4.205781817436218262e-01 1.703748703002929688e-01 8.422585725784301758e-01 2.441307306289672852e+00
5.915207862854003906e+00 3.514409780502319336e+00 1.205543041229248047e+00 6.305700540542602539e-02 4.154778718948364258e-01 1.703597009181976318e-01 8.430482745170593262e-01 2.493808269500732422e+00
5.829012870788574219e+00 3.560955524444580078e+00 1.213298082351684570e+00 6.506100296974182129e-02 4.160417914390563965e-01 1.697973310947418213e-01 8.421738147735595703e-01 2.486116886138916016e+00
5.975202560424804688e+00 3.965131282806396484e+00 1.091927766799926758e+00 6.264552474021911621e-02 4.150494337081909180e-01 1.598910093307495117e-01 8.339359164237976074e-01 2.502404212951660156e+00
5.529954910278320312e+00 5.740192890167236328e+00 6.533786058425903320e-01 5.504217743873596191e-02 4.143334329128265381e-01 1.390280723571777344e-01 7.845222949981689453e-01 2.349889516830444336e+00
4.997295379638671875e+00 7.002996921539306641e+00 9.528686404228210449e-01 6.036165356636047363e-02 4.326962232589721680e-01 1.287983059883117676e-01 7.845763564109802246e-01 1.860162258148193359e+00
5.727927207946777344e+00 8.467653274536132812e+00 -6.730251312255859375e-01 8.579120039939880371e-02 4.175803661346435547e-01 5.753439664840698242e-02 8.396315574645996094e-01 1.313875317573547363e+00
5.157118797302246094e+00 8.657668113708496094e+00 1.385135650634765625e+00 9.054616093635559082e-02 4.843483567237854004e-01 7.322353124618530273e-02 8.326885700225830078e-01 1.033957839012145996e+00
4.744375228881835938e+00 8.198348999023437500e+00 1.776981711387634277e+00 7.713618874549865723e-02 4.899421930313110352e-01 1.037604212760925293e-01 8.308826684951782227e-01 8.213917016983032227e-01
2.938243150711059570e+00 5.805500507354736328e+00 2.956225633621215820e+00 7.851174473762512207e-02 4.362879097461700439e-01 1.423314213752746582e-01 7.393494248390197754e-01 6.684280633926391602e-01
2.805954933166503906e+00 4.486245632171630859e+00 3.297065734863281250e+00 7.029131054878234863e-02 4.890767931938171387e-01 2.098105549812316895e-01 8.543416857719421387e-01 6.060001850128173828e-01
2.339685916900634766e+00 3.347105979919433594e+00 3.292054891586303711e+00 8.802714943885803223e-02 4.684264361858367920e-01 2.201157808303833008e-01 8.610912561416625977e-01 7.095679044723510742e-01
3.355058670043945312e+00 3.090286254882812500e+00 2.981034040451049805e+00 8.106043934822082520e-02 4.584103822708129883e-01 2.133529782295227051e-01 8.250923156738281250e-01 1.163934707641601562e+00
4.020669937133789062e+00 3.033256053924560547e+00 2.717603445053100586e+00 7.520541548728942871e-02 4.609266519546508789e-01 2.038208246231079102e-01 8.259309530258178711e-01 1.385448694229125977e+00
4.146102905273437500e+00 2.819700479507446289e+00 2.792535543441772461e+00 6.174817681312561035e-02 4.532972872257232666e-01 2.193859219551086426e-01 8.168616890907287598e-01 1.711668491363525391e+00
4.374707221984863281e+00 2.712662696838378906e+00 2.732289791107177734e+00 5.244246125221252441e-02 4.487476944923400879e-01 2.275079488754272461e-01 8.179636597633361816e-01 1.972119927406311035e+00
4.266607284545898438e+00 2.632297277450561523e+00 2.640027284622192383e+00 5.162790417671203613e-02 4.402776956558227539e-01 2.348994016647338867e-01 8.187108039855957031e-01 2.138039112091064453e+00
4.210644721984863281e+00 2.340351819992065430e+00 2.697267293930053711e+00 5.295351147651672363e-02 4.270529150962829590e-01 2.437630295753479004e-01 8.289173841476440430e-01 2.386712074279785156e+00
4.068317413330078125e+00 2.256963729858398438e+00 2.721229314804077148e+00 5.623212456703186035e-02 4.200201630592346191e-01 2.481669187545776367e-01 8.349188566207885742e-01 2.478456497192382812e+00
3.890950918197631836e+00 2.363084077835083008e+00 2.725240707397460938e+00 5.776491761207580566e-02 4.158918261528015137e-01 2.502217888832092285e-01 8.333081603050231934e-01 2.494803905487060547e+00
3.690149068832397461e+00 2.700185298919677734e+00 3.066175460815429688e+00 6.339469552040100098e-02 3.794106245040893555e-01 2.251465320587158203e-01 7.683007121086120605e-01 2.747895717620849609e+00
3.080815076828002930e+00 2.913814067840576172e+00 3.450306892395019531e+00 1.029781401157379150e-01 2.613279223442077637e-01 1.001254916191101074e-01 5.368945598602294922e-01 2.790343761444091797e+00
2.200551509857177734e+00 3.612051248550415039e+00 3.578381538391113281e+00 1.166998445987701416e-01 1.923843920230865479e-01 1.527041196823120117e-02 3.393239974975585938e-01 2.126981258392333984e+00
1.204015254974365234e+00 4.154108524322509766e+00 3.641924619674682617e+00 7.507446408271789551e-02 1.717312335968017578e-01 5.673468112945556641e-03 1.823431253433227539e-01 1.225654006004333496e+00
1.337943434715270996e+00 5.069038391113281250e+00 4.129787445068359375e+00 1.363857090473175049e-01 1.892290711402893066e-01 -8.541792631149291992e-02 2.030643224716186523e-01 7.055374383926391602e-01
2.682574987411499023e+00 4.466381549835205078e+00 4.197210788726806641e+00 1.068492233753204346e-01 4.644349217414855957e-01 1.054332852363586426e-01 7.271087169647216797e-01 4.278215169906616211e-01
5.057225227355957031e+00 3.769121885299682617e+00 3.946155309677124023e+00 9.590348601341247559e-02 5.131998062133789062e-01 1.013696789741516113e-01 7.811518907546997070e-01 3.079279065132141113e-01
6.036620140075683594e+00 3.369580745697021484e+00 3.702143192291259766e+00 1.145186722278594971e-01 5.220983028411865234e-01 7.163041830062866211e-02 8.200777769088745117e-01 5.190123915672302246e-01
6.464677810668945312e+00 2.999772548675537109e+00 3.621858835220336914e+00 7.846328616142272949e-02 5.091784596443176270e-01 1.041156351566314697e-01 7.944839000701904297e-01 1.029220223426818848e+00
6.501150131225585938e+00 2.787272214889526367e+00 3.553517103195190430e+00 7.112804055213928223e-02 4.925536811351776123e-01 1.212591528892517090e-01 7.943547964096069336e-01 1.438629150390625000e+00
6.704133033752441406e+00 2.484812259674072266e+00 3.612127304077148438e+00 5.150279402732849121e-02 4.782074689865112305e-01 1.502594947814941406e-01 7.971106767654418945e-01 2.026820182800292969e+00
6.694384574890136719e+00 2.355116844177246094e+00 3.630038499832153320e+00 4.929903149604797363e-02 4.677749872207641602e-01 1.635693311691284180e-01 8.070895671844482422e-01 2.380890846252441406e+00
6.286344528198242188e+00 2.317212581634521484e+00 3.633293151855468750e+00 4.846504330635070801e-02 4.609242081642150879e-01 1.775692105293273926e-01 8.034651279449462891e-01 2.415496587753295898e+00
6.343500137329101562e+00 2.297669410705566406e+00 3.581267833709716797e+00 4.694971442222595215e-02 4.578676521778106689e-01 1.806919872760772705e-01 8.067644834518432617e-01 2.536795139312744141e+00
6.263774871826171875e+00 2.213521480560302734e+00 3.583050966262817383e+00 4.587855935096740723e-02 4.532736837863922119e-01 1.870802044868469238e-01 8.095370531082153320e-01 2.620020866394042969e+00
6.232441902160644531e+00 2.369102954864501953e+00 3.525424003601074219e+00 4.605409502983093262e-02 4.534640908241271973e-01 1.857666373252868652e-01 8.072165250778198242e-01 2.625596046447753906e+00
5.616939544677734375e+00 2.649491071701049805e+00 3.525168657302856445e+00 4.614332318305969238e-02 4.431547522544860840e-01 1.984096169471740723e-01 8.011970520019531250e-01 2.641657352447509766e+00
5.100233078002929688e+00 3.447649478912353516e+00 3.687820196151733398e+00 4.350844025611877441e-02 4.390080571174621582e-01 1.975919008255004883e-01 7.740906476974487305e-01 2.536585807800292969e+00
4.916273117065429688e+00 5.027863502502441406e+00 3.173916339874267578e+00 5.016961693763732910e-02 4.650350213050842285e-01 1.688672900199890137e-01 7.667142152786254883e-01 1.964447498321533203e+00
5.224845886230468750e+00 7.001821517944335938e+00 2.127757787704467773e+00 7.351264357566833496e-02 4.968466162681579590e-01 1.176407933235168457e-01 8.315708041191101074e-01 1.262577414512634277e+00
5.532554626464843750e+00 7.861723423004150391e+00 1.797107934951782227e+00 8.364942669868469238e-02 5.147201418876647949e-01 8.278673887252807617e-02 8.467711806297302246e-01 8.589891195297241211e-01
5.415631294250488281e+00 8.022319793701171875e+00 2.614286899566650391e+00 7.450082898139953613e-02 5.206314921379089355e-01 7.351583242416381836e-02 7.915026545524597168e-01 7.370196580886840820e-01
4.715176582336425781e+00 6.710012435913085938e+00 2.553095817565917969e+00 7.103976607322692871e-02 5.052049160003662109e-01 1.102448701858520508e-01 7.938917875289916992e-01 4.036668539047241211e-01
-3.978416323661804199e-01 3.906267404556274414e+00 3.326154470443725586e+00 2.512052357196807861e-01 4.737457633018493652e-01 5.668991804122924805e-02 9.840598702430725098e-01 1.811262369155883789e-01
-6.798304915428161621e-01 3.216965675354003906e+00 3.182453870773315430e+00 2.265649139881134033e-01 4.947204589843750000e-01 9.395205974578857422e-02 1.009678363800048828e+00 1.838414669036865234e-01
-1.288000345230102539e+00 3.168549776077270508e+00 3.174950599670410156e+00 9.310153126716613770e-02 4.255775213241577148e-01 2.205539345741271973e-01 8.835152387619018555e-01 4.130979776382446289e-01
-8.177658915519714355e-01 2.875298500061035156e+00 3.201115369796752930e+00 4.896309971809387207e-02 3.074790835380554199e-01 2.163875699043273926e-01 6.718696355819702148e-01 8.729075193405151367e-01
-1.063317656517028809e-01 2.437860965728759766e+00 3.393893718719482422e+00 4.543498158454895020e-02 2.267254590988159180e-01 1.739199757575988770e-01 5.132052898406982422e-01 1.412533998489379883e+00
2.206100225448608398e-01 2.156303882598876953e+00 3.411627054214477539e+00 3.371956944465637207e-02 1.942689716815948486e-01 1.820641160011291504e-01 4.807188510894775391e-01 1.781535506248474121e+00
2.481783628463745117e-01 2.203277587890625000e+00 3.294253587722778320e+00 3.010681271553039551e-02 1.887046694755554199e-01 1.876843571662902832e-01 4.752502441406250000e-01 1.870960116386413574e+00
3.107509016990661621e-01 2.162378787994384766e+00 3.319405555725097656e+00 3.225710988044738770e-02 1.863232254981994629e-01 1.837466359138488770e-01 4.704926013946533203e-01 1.894429802894592285e+00
4.121149182319641113e-01 2.176979303359985352e+00 3.287930011749267578e+00 4.150190949440002441e-02 1.897320449352264404e-01 1.733186841011047363e-01 4.679512977600097656e-01 1.877611398696899414e+00
5.143594145774841309e-01 2.168939113616943359e+00 3.293402671813964844e+00 5.146506428718566895e-02 1.925424635410308838e-01 1.601951718330383301e-01 4.621958732604980469e-01 1.846817851066589355e+00
4.398006796836853027e-01 2.214679241180419922e+00 3.229529857635498047e+00 4.527774453163146973e-02 1.959204673767089844e-01 1.738739609718322754e-01 4.794808626174926758e-01 1.868414759635925293e+00
3.181562423706054688e-01 2.345392227172851562e+00 3.179620981216430664e+00 4.667940735816955566e-02 2.019444406032562256e-01 1.725261807441711426e-01 4.824597835540771484e-01 1.781579494476318359e+00
-3.156309425830841064e-01 2.825315237045288086e+00 2.869109630584716797e+00 4.691341519355773926e-02 3.011882305145263672e-01 2.569550871849060059e-01 7.363390326499938965e-01 1.673242330551147461e+00
-1.524409770965576172e+00 4.020093917846679688e+00 2.187957048416137695e+00 1.131452620029449463e-01 4.683713316917419434e-01 2.856436371803283691e-01 1.045440793037414551e+00 1.254667520523071289e+00
-1.870645046234130859e+00 4.766567707061767578e+00 1.775324940681457520e+00 1.230339109897613525e-01 4.348566830158233643e-01 2.075659632682800293e-01 8.700836300849914551e-01 1.018819808959960938e+00
-1.138532161712646484e+00 5.969848632812500000e+00 8.816580772399902344e-01 1.179585754871368408e-01 3.386980593204498291e-01 5.094474554061889648e-02 4.822508692741394043e-01 7.502652406692504883e-01
-1.106108784675598145e+00 5.950523853302001953e+00 3.695281445980072021e-01 1.075821220874786377e-01 3.052758872509002686e-01 3.378599882125854492e-02 3.814501464366912842e-01 6.678823232650756836e-01
-1.641128182411193848e+00 5.197056770324707031e+00 8.138027191162109375e-01 1.112767755985260010e-01 4.171442389488220215e-01 1.709980368614196777e-01 7.490179538726806641e-01 5.943409204483032227e-01
-2.353727817535400391e+00 5.271703720092773438e+00 1.387653946876525879e+00 7.447937130928039551e-02 4.587199985980987549e-01 2.436860203742980957e-01 8.430721163749694824e-01 7.474915981292724609e-01
-2.177393198013305664e+00 4.777395725250244141e+00 1.545226097106933594e+00 1.292821466922760010e-01 3.941658139228820801e-01 1.901360154151916504e-01 8.314563035964965820e-01 1.375899553298950195e+00
-1.843111872673034668e+00 4.719821929931640625e+00 1.122401118278503418e+00 9.819713234901428223e-02 4.224790334701538086e-01 2.615655064582824707e-01 9.480841159820556641e-01 1.258716702461242676e+00
-1.864461660385131836e+00 4.636559963226318359e+00 1.245586395263671875e+00 1.209416687488555908e-01 3.886400461196899414e-01 2.181078791618347168e-01 8.837028741836547852e-01 1.425493121147155762e+00
-2.031049013137817383e+00 4.493570804595947266e+00 1.599533677101135254e+00 1.374664604663848877e-01 3.818511664867401123e-01 2.018730044364929199e-01 8.639001250267028809e-01 1.579299569129943848e+00
-2.102429628372192383e+00 4.449381828308105469e+00 1.737469434738159180e+00 1.525929272174835205e-01 3.804317414760589600e-01 1.881862282752990723e-01 8.736202716827392578e-01 1.592587590217590332e+00
-2.076383590698242188e+00 4.357840538024902344e+00 1.807323455810546875e+00 1.698000729084014893e-01 3.762774169445037842e-01 1.769564747810363770e-01 9.007097482681274414e-01 1.712496638298034668e+00
-2.018981218338012695e+00 4.194646358489990234e+00 1.876145958900451660e+00 1.751950085163116455e-01 4.009060561656951904e-01 2.041876912117004395e-01 9.979308843612670898e-01 1.755231380462646484e+00
-1.990116834640502930e+00 4.239238262176513672e+00 1.826652765274047852e+00 1.631520092487335205e-01 4.193242192268371582e-01 2.349649071693420410e-01 1.049360275268554688e+00 1.757519602775573730e+00
-1.990956544876098633e+00 4.617753505706787109e+00 1.464293718338012695e+00 1.251039803028106689e-01 4.102076590061187744e-01 2.392647862434387207e-01 9.513707160949707031e-01 1.464761018753051758e+00
-2.123959302902221680e+00 4.919911861419677734e+00 1.354637861251831055e+00 1.038993895053863525e-01 4.384154081344604492e-01 2.523761391639709473e-01 9.502767324447631836e-01 1.201489686965942383e+00
-7.899019718170166016e-01 5.817501544952392578e+00 -5.967696905136108398e-01 1.462158858776092529e-01 3.590138554573059082e-01 1.358403563499450684e-01 8.657565712928771973e-01 1.195987224578857422e+00
6.588820219039916992e-01 6.859333515167236328e+00 -2.441887378692626953e+00 1.767485737800598145e-01 3.677884340286254883e-01 4.982095956802368164e-02 7.863023281097412109e-01 6.819603443145751953e-01
4.021442413330078125e+00 7.713725566864013672e+00 -2.463612318038940430e+00 5.745488405227661133e-02 4.696823358535766602e-01 2.167081236839294434e-01 1.090525746345520020e+00 7.284983396530151367e-01
4.335720062255859375e+00 7.414242267608642578e+00 -1.845364928245544434e+00 5.546063184738159180e-02 3.874221146106719971e-01 1.265653967857360840e-01 8.442199826240539551e-01 6.863129138946533203e-01
2.998133420944213867e+00 6.662476539611816406e+00 -1.478069305419921875e+00 6.514394283294677734e-02 5.857261419296264648e-01 3.292103409767150879e-01 1.310193061828613281e+00 6.680288314819335938e-01
7.107658982276916504e-01 5.786742687225341797e+00 -5.307879447937011719e-01 1.293316781520843506e-01 4.781768918037414551e-01 1.944285631179809570e-01 9.588752985000610352e-01 5.821833610534667969e-01
4.653370380401611328e-01 5.540015697479248047e+00 -1.724831342697143555e+00 1.303875446319580078e-01 3.594901859760284424e-01 1.920859217643737793e-01 9.428960084915161133e-01 1.299529194831848145e+00
4.112597703933715820e-01 5.630259513854980469e+00 -1.643134117126464844e+00 1.165146231651306152e-01 2.847948074340820312e-01 2.047662138938903809e-01 9.391056299209594727e-01 1.903047680854797363e+00
4.181114435195922852e-01 5.479158878326416016e+00 -1.504893064498901367e+00 1.076347529888153076e-01 1.520782709121704102e-01 1.111192107200622559e-01 6.326406002044677734e-01 2.061550140380859375e+00
5.079171657562255859e-01 5.349037170410156250e+00 -1.494602203369140625e+00 1.073023080825805664e-01 9.176424145698547363e-02 6.478416919708251953e-02 4.919538497924804688e-01 2.083431720733642578e+00
5.414191484451293945e-01 5.328822612762451172e+00 -1.469096660614013672e+00 9.444537758827209473e-02 -2.533888816833496094e-02 -6.191968917846679688e-03 2.434868812561035156e-01 2.207915782928466797e+00
5.377436876296997070e-01 5.310166358947753906e+00 -1.446154832839965820e+00 9.226828813552856445e-02 -4.716688394546508789e-02 -2.096581459045410156e-02 1.927777528762817383e-01 2.234319210052490234e+00
5.736476182937622070e-01 5.156099796295166016e+00 -1.428810834884643555e+00 1.011804342269897461e-01 1.299351453781127930e-02 9.025752544403076172e-03 3.001135587692260742e-01 2.120710372924804688e+00
1.040091753005981445e+00 5.573363304138183594e+00 -2.039298772811889648e+00 1.337649822235107422e-01 4.785954952239990234e-03 -4.674530029296875000e-02 2.936382293701171875e-01 1.951810956001281738e+00
2.255827426910400391e+00 5.759854316711425781e+00 -2.992351055145263672e+00 6.480607390403747559e-02 9.862494468688964844e-02 -2.825021743774414062e-03 2.698562145233154297e-01 1.408743619918823242e+00
2.457508087158203125e+00 6.337178230285644531e+00 -1.401717782020568848e+00 1.237817406654357910e-01 5.263386964797973633e-01 2.452582716941833496e-01 1.213058710098266602e+00 1.192488670349121094e+00
4.038073539733886719e+00 6.725348949432373047e+00 -1.381829261779785156e+00 5.257156491279602051e-02 3.958458900451660156e-01 1.586632728576660156e-01 8.506965041160583496e-01 8.783082962036132812e-01
4.405941963195800781e+00 6.743060111999511719e+00 -1.018909215927124023e+00 4.741632938385009766e-02 4.111228585243225098e-01 1.508828997611999512e-01 8.315768241882324219e-01 7.593760490417480469e-01
4.661167144775390625e+00 6.770239353179931641e+00 -1.304550766944885254e+00 2.993856370449066162e-02 4.071396291255950928e-01 1.531601548194885254e-01 8.168067932128906250e-01 6.451766490936279297e-01
4.898395538330078125e+00 6.366389274597167969e+00 -2.130557537078857422e+00 2.497787773609161377e-02 4.024192690849304199e-01 1.603359878063201904e-01 8.653467297554016113e-01 5.007096529006958008e-01
5.185371398925781250e+00 6.141050338745117188e+00 -2.294179677963256836e+00 2.828781306743621826e-02 4.028648734092712402e-01 1.544268429279327393e-01 8.804920315742492676e-01 5.234500169754028320e-01
4.949794769287109375e+00 6.057270526885986328e+00 -2.815750360488891602e+00 6.270059943199157715e-02 3.692073822021484375e-01 1.361950635910034180e-01 9.228016138076782227e-01 9.040549993515014648e-01
4.771133422851562500e+00 5.529328346252441406e+00 -2.784194231033325195e+00 6.886510550975799561e-02 3.602516651153564453e-01 1.601274609565734863e-01 9.609295129776000977e-01 1.575067043304443359e+00
4.770370483398437500e+00 5.304334640502929688e+00 -2.699212074279785156e+00 7.022823393344879150e-02 3.605697751045227051e-01 1.672521829605102539e-01 9.697749614715576172e-01 1.825811862945556641e+00
4.753992080688476562e+00 5.194323062896728516e+00 -2.628175973892211914e+00 2.717430889606475830e-02 3.610343337059020996e-01 2.061353325843811035e-01 9.289702177047729492e-01 2.124721050262451172e+00
4.767955780029296875e+00 5.148803234100341797e+00 -2.665746927261352539e+00 2.383224666118621826e-02 3.602318763732910156e-01 2.093096971511840820e-01 9.279335737228393555e-01 2.134174346923828125e+00
4.694505691528320312e+00 5.075488090515136719e+00 -2.642078399658203125e+00 1.991897821426391602e-03 3.588227033615112305e-01 2.297656685113906860e-01 9.040505886077880859e-01 2.235008239746093750e+00
4.754387855529785156e+00 5.023530483245849609e+00 -2.644189119338989258e+00 -1.127988100051879883e-03 3.593530058860778809e-01 2.320687472820281982e-01 9.030641317367553711e-01 2.254012107849121094e+00
4.779815673828125000e+00 5.157223701477050781e+00 -2.616579294204711914e+00 1.497834920883178711e-02 3.601357340812683105e-01 2.157516330480575562e-01 9.155633449554443359e-01 2.192489624023437500e+00
4.898542404174804688e+00 5.506550312042236328e+00 -2.526302814483642578e+00 5.595141649246215820e-02 3.676130771636962891e-01 1.713465452194213867e-01 9.474152922630310059e-01 1.745800971984863281e+00
4.806535720825195312e+00 6.181998729705810547e+00 -2.062520265579223633e+00 4.391598701477050781e-02 3.595708012580871582e-01 1.632759571075439453e-01 8.749254345893859863e-01 1.930799007415771484e+00
4.974971771240234375e+00 7.005231857299804688e+00 -2.523905038833618164e+00 6.184652447700500488e-02 3.678531646728515625e-01 1.252759099006652832e-01 9.084436893463134766e-01 1.187458992004394531e+00
5.860638618469238281e+00 7.719182968139648438e+00 -2.169523715972900391e+00 4.748481512069702148e-02 3.889800906181335449e-01 9.355279803276062012e-02 8.644782900810241699e-01 9.673403501510620117e-01
6.150975227355957031e+00 7.933670997619628906e+00 -2.049677133560180664e+00 4.119551181793212891e-02 3.950547575950622559e-01 8.481779694557189941e-02 8.478627800941467285e-01 9.239798784255981445e-01
5.005841255187988281e+00 6.715206623077392578e+00 -1.543565988540649414e+00 2.017571032047271729e-02 4.022694528102874756e-01 1.525833904743194580e-01 8.165484070777893066e-01 6.894241571426391602e-01
4.617516517639160156e+00 6.258103370666503906e+00 -1.729207515716552734e+00 2.310937643051147461e-02 4.042448699474334717e-01 1.716425120830535889e-01 8.441189527511596680e-01 5.741484165191650391e-01
4.993984222412109375e+00 6.008316040039062500e+00 -1.906870722770690918e+00 2.578659355640411377e-02 4.070551991462707520e-01 1.675147414207458496e-01 8.689503669738769531e-01 6.555476188659667969e-01
5.023056983947753906e+00 5.873455047607421875e+00 -1.886071681976318359e+00 3.666788339614868164e-02 3.978765010833740234e-01 1.657292842864990234e-01 8.845117092132568359e-01 9.822562932968139648e-01
5.221065521240234375e+00 5.728387355804443359e+00 -2.153460025787353516e+00 2.877242863178253174e-02 3.808543086051940918e-01 1.742342710494995117e-01 8.906787037849426270e-01 1.414796590805053711e+00
5.330605506896972656e+00 5.506522178649902344e+00 -2.295852422714233398e+00 3.017148375511169434e-02 3.752694725990295410e-01 1.786811351776123047e-01 9.087446331977844238e-01 1.694503784179687500e+00
5.168251991271972656e+00 5.317045688629150391e+00 -2.140780210494995117e+00 2.712166309356689453e-02 3.758200407028198242e-01 1.905885040760040283e-01 9.033252000808715820e-01 1.871376752853393555e+00
5.129238128662109375e+00 5.249071598052978516e+00 -2.055124759674072266e+00 2.561798691749572754e-02 3.760194182395935059e-01 1.938987374305725098e-01 8.974296450614929199e-01 1.895645260810852051e+00
4.993356704711914062e+00 5.244658946990966797e+00 -1.989255070686340332e+00 2.761805057525634766e-02 3.757386803627014160e-01 1.953231394290924072e-01 8.941403031349182129e-01 1.864065408706665039e+00
4.809497833251953125e+00 5.589451313018798828e+00 -1.880652666091918945e+00 2.982524037361145020e-02 3.734098076820373535e-01 1.870730817317962646e-01 8.726649880409240723e-01 1.633286237716674805e+00
4.337460517883300781e+00 5.934306144714355469e+00 -2.054210662841796875e+00 4.561160504817962646e-02 3.607740402221679688e-01 1.781136691570281982e-01 8.795873522758483887e-01 1.721344232559204102e+00
4.107518672943115234e+00 6.247209548950195312e+00 -1.105250239372253418e+00 5.138415098190307617e-02 3.631648123264312744e-01 1.689201593399047852e-01 8.143364191055297852e-01 2.121723175048828125e+00
4.865670204162597656e+00 7.229323863983154297e+00 -1.463789582252502441e+00 6.143078207969665527e-02 3.747325837612152100e-01 1.234032511711120605e-01 8.445751070976257324e-01 1.704855799674987793e+00
5.153911590576171875e+00 7.192967891693115234e+00 -1.608790874481201172e+00 4.377827048301696777e-02 3.937531709671020508e-01 1.269861459732055664e-01 8.442614078521728516e-01 1.029948234558105469e+00
4.052039146423339844e+00 6.003608226776123047e+00 -3.935641944408416748e-01 6.169304251670837402e-02 4.154654145240783691e-01 1.705421209335327148e-01 8.412582874298095703e-01 1.061748504638671875e+00
4.608696937561035156e+00 5.857306957244873047e+00 -9.518191814422607422e-01 2.721679210662841797e-02 4.129371643066406250e-01 1.778633594512939453e-01 8.189492225646972656e-01 7.518699169158935547e-01
4.832408905029296875e+00 5.757469177246093750e+00 -1.049725770950317383e+00 2.992074191570281982e-02 4.081328809261322021e-01 1.750997304916381836e-01 8.320003747940063477e-01 9.574602842330932617e-01
4.702642440795898438e+00 5.504582405090332031e+00 -1.207434773445129395e+00 2.678170800209045410e-02 3.886446058750152588e-01 1.886799335479736328e-01 8.322826623916625977e-01 1.370183706283569336e+00
4.788205146789550781e+00 5.274142742156982422e+00 -1.256580352783203125e+00 1.703080534934997559e-02 3.698820173740386963e-01 1.992430686950683594e-01 8.141592741012573242e-01 1.838727593421936035e+00
4.791869163513183594e+00 5.292265892028808594e+00 -1.301949143409729004e+00 1.704859733581542969e-02 3.693959712982177734e-01 1.990359425544738770e-01 8.167258501052856445e-01 1.838425636291503906e+00
4.787489891052246094e+00 5.161390304565429688e+00 -1.265198945999145508e+00 1.532280445098876953e-02 3.670005500316619873e-01 2.030562460422515869e-01 8.125554323196411133e-01 1.972787499427795410e+00
4.751245498657226562e+00 5.217483520507812500e+00 -1.409643888473510742e+00 1.798498630523681641e-02 3.683973848819732666e-01 2.021914422512054443e-01 8.273813724517822266e-01 1.909580111503601074e+00
4.627511978149414062e+00 5.144261360168457031e+00 -1.258524894714355469e+00 1.903301477432250977e-02 3.678097724914550781e-01 2.048689126968383789e-01 8.173552751541137695e-01 1.962925791740417480e+00
4.638531684875488281e+00 5.380810737609863281e+00 -1.421708106994628906e+00 2.267512679100036621e-02 3.673991560935974121e-01 1.974807083606719971e-01 8.279879689216613770e-01 1.845054984092712402e+00
4.214229583740234375e+00 5.797285556793212891e+00 -1.318496704101562500e+00 4.316332936286926270e-02 3.628533780574798584e-01 1.831200122833251953e-01 8.289095759391784668e-01 2.184817790985107422e+00
3.501893997192382812e+00 6.107605457305908203e+00 -7.573662400245666504e-01 4.563313722610473633e-02 2.505955696105957031e-01 8.665162324905395508e-02 4.981442093849182129e-01 2.004786014556884766e+00
3.161558866500854492e+00 6.137926578521728516e+00 2.235877960920333862e-01 5.113700032234191895e-02 4.830639660358428955e-01 2.607833743095397949e-01 9.787597060203552246e-01 1.314532876014709473e+00
3.565733671188354492e+00 6.563957691192626953e+00 9.327834844589233398e-01 5.095300078392028809e-02 4.545590579509735107e-01 2.050059437751770020e-01 8.638738393783569336e-01 1.135268211364746094e+00
4.139487266540527344e+00 6.942996025085449219e+00 1.808202385902404785e+00 5.458453297615051270e-02 4.766907095909118652e-01 1.618420481681823730e-01 8.249789476394653320e-01 8.032704591751098633e-01
6.125408172607421875e+00 7.377912521362304688e+00 1.769936084747314453e+00 7.710537314414978027e-02 5.281550884246826172e-01 5.982518196105957031e-02 8.191009759902954102e-01 4.415162801742553711e-01
6.524633407592773438e+00 5.224745273590087891e+00 2.135727167129516602e+00 7.153013348579406738e-02 5.268659591674804688e-01 7.042533159255981445e-02 8.036356568336486816e-01 2.313048839569091797e-01
6.910055160522460938e+00 4.708771228790283203e+00 1.577929019927978516e+00 6.976814568042755127e-02 5.083890557289123535e-01 7.935947179794311523e-02 8.302371501922607422e-01 4.242514371871948242e-01
7.027722358703613281e+00 4.319151401519775391e+00 1.612102746963500977e+00 6.700664758682250977e-02 5.049516558647155762e-01 9.011724591255187988e-02 8.380824923515319824e-01 6.361510753631591797e-01
7.099739074707031250e+00 4.153072357177734375e+00 1.395873665809631348e+00 5.690492689609527588e-02 4.943841993808746338e-01 1.065309345722198486e-01 8.404343724250793457e-01 8.666045665740966797e-01
6.812556266784667969e+00 3.935276746749877930e+00 1.296272516250610352e+00 3.845471143722534180e-02 4.754689335823059082e-01 1.484821438789367676e-01 8.405879735946655273e-01 1.406726479530334473e+00
6.766023635864257812e+00 3.825324296951293945e+00 1.108173727989196777e+00 2.710440754890441895e-02 4.594578742980957031e-01 1.676961183547973633e-01 8.372814655303955078e-01 1.750949978828430176e+00
6.716906547546386719e+00 3.738286972045898438e+00 1.019731521606445312e+00 2.612972259521484375e-02 4.484573006629943848e-01 1.736469268798828125e-01 8.361890316009521484e-01 1.942421674728393555e+00
6.682681083679199219e+00 3.552571535110473633e+00 1.062378644943237305e+00 2.939942479133605957e-02 4.390435218811035156e-01 1.770299971103668213e-01 8.384785652160644531e-01 2.151143550872802734e+00
6.648675918579101562e+00 3.451825380325317383e+00 1.162292838096618652e+00 3.380551934242248535e-02 4.343729615211486816e-01 1.770201027393341064e-01 8.407431244850158691e-01 2.270954608917236328e+00
6.644584655761718750e+00 3.357882976531982422e+00 1.296237349510192871e+00 3.802728652954101562e-02 4.315264821052551270e-01 1.760251224040985107e-01 8.428575992584228516e-01 2.377106189727783203e+00
6.517789840698242188e+00 3.528429031372070312e+00 1.377926230430603027e+00 4.553163051605224609e-02 4.306106269359588623e-01 1.698121428489685059e-01 8.423951268196105957e-01 2.378452777862548828e+00
6.602345466613769531e+00 4.067443370819091797e+00 1.313093066215515137e+00 5.528604984283447266e-02 4.262186288833618164e-01 1.495489776134490967e-01 8.384360074996948242e-01 2.502139091491699219e+00
6.320560455322265625e+00 4.734840869903564453e+00 1.476654529571533203e+00 6.692525744438171387e-02 4.402563571929931641e-01 1.324199438095092773e-01 8.286592960357666016e-01 2.390582084655761719e+00
5.512844085693359375e+00 6.218693256378173828e+00 1.490603327751159668e+00 7.538476586341857910e-02 4.582591056823730469e-01 1.209654808044433594e-01 8.229910135269165039e-01 1.877630114555358887e+00
5.473938941955566406e+00 5.928757190704345703e+00 2.338669538497924805e+00 7.151749730110168457e-02 5.036941766738891602e-01 1.185057759284973145e-01 8.164116144180297852e-01 1.183271765708923340e+00
5.999951362609863281e+00 4.644970417022705078e+00 3.641758680343627930e+00 7.609584927558898926e-02 5.277031660079956055e-01 7.794612646102905273e-02 7.614287137985229492e-01 4.162331819534301758e-01
7.064885139465332031e+00 4.537504196166992188e+00 3.151296615600585938e+00 8.327287435531616211e-02 5.379009246826171875e-01 4.379734396934509277e-02 7.824040651321411133e-01 3.683761358261108398e-01
7.545190811157226562e+00 4.126522064208984375e+00 2.806309938430786133e+00 7.488226890563964844e-02 5.400614738464355469e-01 4.965016245841979980e-02 8.005950450897216797e-01 4.236905574798583984e-01
7.812111854553222656e+00 3.846016168594360352e+00 2.798382043838500977e+00 6.821233034133911133e-02 5.407609343528747559e-01 5.737355351448059082e-02 8.093751668930053711e-01 5.663580894470214844e-01
7.974328041076660156e+00 3.486667156219482422e+00 2.661367893218994141e+00 4.773537814617156982e-02 5.323564410209655762e-01 8.336901664733886719e-02 8.052569627761840820e-01 8.460460901260375977e-01
7.965100288391113281e+00 3.169244766235351562e+00 2.700670957565307617e+00 2.771371603012084961e-02 5.175824165344238281e-01 1.172242462635040283e-01 7.975288629531860352e-01 1.419876098632812500e+00
8.026324272155761719e+00 2.792273998260498047e+00 2.796969890594482422e+00 2.502909302711486816e-02 5.101115107536315918e-01 1.293018460273742676e-01 8.033206462860107422e-01 1.713752746582031250e+00
8.038613319396972656e+00 2.737446546554565430e+00 2.640584230422973633e+00 2.204823493957519531e-02 5.025182366371154785e-01 1.373531818389892578e-01 8.093420267105102539e-01 1.863651275634765625e+00
8.009578704833984375e+00 2.633914470672607422e+00 2.468500852584838867e+00 2.083203196525573730e-02 4.899092316627502441e-01 1.484757065773010254e-01 8.191932439804077148e-01 2.122272014617919922e+00
8.006709098815917969e+00 2.597799539566040039e+00 2.429316043853759766e+00 2.342015504837036133e-02 4.833592176437377930e-01 1.503461599349975586e-01 8.245230913162231445e-01 2.266218662261962891e+00
7.967939376831054688e+00 2.885700702667236328e+00 2.371477365493774414e+00 3.386324644088745117e-02 4.630641043186187744e-01 1.478075981140136719e-01 8.370637297630310059e-01 2.665586948394775391e+00
7.056307792663574219e+00 3.459935665130615234e+00 2.453918218612670898e+00 5.556830763816833496e-02 4.600845575332641602e-01 1.489211916923522949e-01 8.468170762062072754e-01 2.613047122955322266e+00
6.208102226257324219e+00 3.794595479965209961e+00 2.897981405258178711e+00 5.196949839591979980e-02 4.619572758674621582e-01 1.612333655357360840e-01 8.039834499359130859e-01 2.552175045013427734e+00
5.397604942321777344e+00 4.339941501617431641e+00 3.510211706161499023e+00 4.688683152198791504e-02 4.606571197509765625e-01 1.688092947006225586e-01 7.630304098129272461e-01 2.270802974700927734e+00
4.601519584655761719e+00 5.438348293304443359e+00 4.113479614257812500e+00 6.643620133399963379e-02 4.954941868782043457e-01 1.319252848625183105e-01 7.503193616867065430e-01 1.031244993209838867e+00
5.261102676391601562e+00 5.814866065979003906e+00 4.357082843780517578e+00 6.361809372901916504e-02 5.207499861717224121e-01 9.031242132186889648e-02 7.184635400772094727e-01 6.285307407379150391e-01
4.436776161193847656e+00 4.348237991333007812e+00 3.890033006668090820e+00 6.411466002464294434e-02 5.017943382263183594e-01 1.439591646194458008e-01 7.523396015167236328e-01 5.305351018905639648e-01
4.322648048400878906e+00 3.048630714416503906e+00 4.531181812286376953e+00 1.218633353710174561e-01 5.409832000732421875e-01 1.099689602851867676e-01 8.237607479095458984e-01 5.074100494384765625e-01
4.807252883911132812e+00 2.425051450729370117e+00 4.538552284240722656e+00 1.221276223659515381e-01 5.250093936920166016e-01 1.072555184364318848e-01 8.234944343566894531e-01 4.888412952423095703e-01
5.414647102355957031e+00 2.175451993942260742e+00 4.311306476593017578e+00 9.371039271354675293e-02 4.901318252086639404e-01 1.284955143928527832e-01 7.919363975524902344e-01 9.500478506088256836e-01
5.407228469848632812e+00 2.070529937744140625e+00 4.369724750518798828e+00 8.484086394309997559e-02 4.767916798591613770e-01 1.426366269588470459e-01 7.818398475646972656e-01 1.258113741874694824e+00
5.344421386718750000e+00 1.816454768180847168e+00 4.313590526580810547e+00 7.822921872138977051e-02 4.606335163116455078e-01 1.637795567512512207e-01 7.974029779434204102e-01 1.613939762115478516e+00
5.170462608337402344e+00 1.532395720481872559e+00 4.343527317047119141e+00 7.577499747276306152e-02 4.429216086864471436e-01 1.866389513015747070e-01 8.224142789840698242e-01 2.000895500183105469e+00
5.230040550231933594e+00 1.523723363876342773e+00 4.402708053588867188e+00 7.360562682151794434e-02 4.326168596744537354e-01 1.934824585914611816e-01 8.309619426727294922e-01 2.318666219711303711e+00
5.269881248474121094e+00 1.494632959365844727e+00 4.379075050354003906e+00 7.277467846870422363e-02 4.325639903545379639e-01 1.943047642707824707e-01 8.323194980621337891e-01 2.344423294067382812e+00
5.052153587341308594e+00 1.556056618690490723e+00 4.366191864013671875e+00 7.170417904853820801e-02 4.266639351844787598e-01 2.010427713394165039e-01 8.313928842544555664e-01 2.377191543579101562e+00
4.555833816528320312e+00 2.196270227432250977e+00 4.200125217437744141e+00 7.827869057655334473e-02 4.326076507568359375e-01 1.937859654426574707e-01 8.139466047286987305e-01 2.062138557434082031e+00
3.763062238693237305e+00 3.111152172088623047e+00 3.955973863601684570e+00 6.869807839393615723e-02 4.428220093250274658e-01 2.071283459663391113e-01 7.896735668182373047e-01 1.681452393531799316e+00
4.021195888519287109e+00 4.147962093353271484e+00 3.465677499771118164e+00 7.690390944480895996e-02 4.813474118709564209e-01 1.655060648918151855e-01 7.871872186660766602e-01 9.163687229156494141e-01
5.084952354431152344e+00 5.257782936096191406e+00 2.921548843383789062e+00 6.079527735710144043e-02 5.107303857803344727e-01 1.313600540161132812e-01 7.862733602523803711e-01 7.283744812011718750e-01
5.831222534179687500e+00 5.907660484313964844e+00 2.201831817626953125e+00 6.764665246009826660e-02 5.264531373977661133e-01 9.124809503555297852e-02 8.052158355712890625e-01 3.589541912078857422e-01
5.243052482604980469e+00 5.251824378967285156e+00 2.674766778945922852e+00 6.711760163307189941e-02 5.192677974700927734e-01 1.110146641731262207e-01 7.907516956329345703e-01 2.266433238983154297e-01
1.925570487976074219e+00 3.846906423568725586e+00 3.144596338272094727e+00 1.372872292995452881e-01 5.357480049133300781e-01 1.818990111351013184e-01 9.987022876739501953e-01 1.764138936996459961e-01
5.128968358039855957e-01 3.086625576019287109e+00 3.625146865844726562e+00 2.301435172557830811e-01 5.411301255226135254e-01 1.066174507141113281e-01 1.077663660049438477e+00 3.593432903289794922e-01
7.195432186126708984e-01 2.419515848159790039e+00 3.757133960723876953e+00 8.750656247138977051e-02 2.871435880661010742e-01 1.399961113929748535e-01 5.782529115676879883e-01 1.149520635604858398e+00
1.092863678932189941e+00 2.023050069808959961e+00 3.656641483306884766e+00 7.612970471382141113e-02 2.281101047992706299e-01 1.376139521598815918e-01 5.010123252868652344e-01 1.677600979804992676e+00
1.017326831817626953e+00 2.042626857757568359e+00 3.444775104522705078e+00 8.258786797523498535e-02 2.184868156909942627e-01 1.374050974845886230e-01 5.058367252349853516e-01 1.757484555244445801e+00
1.031043767929077148e+00 2.036104202270507812e+00 3.390313625335693359e+00 8.320024609565734863e-02 2.206933796405792236e-01 1.417316198348999023e-01 5.170161724090576172e-01 1.791340947151184082e+00
1.028033971786499023e+00 2.034665346145629883e+00 3.359817028045654297e+00 8.238306641578674316e-02 2.198378145694732666e-01 1.441929936408996582e-01 5.194742679595947266e-01 1.827624440193176270e+00
1.006272912025451660e+00 2.042700290679931641e+00 3.332158565521240234e+00 8.216086030006408691e-02 2.224535346031188965e-01 1.466818451881408691e-01 5.250897407531738281e-01 1.818788886070251465e+00
1.011670470237731934e+00 2.039855480194091797e+00 3.336604833602905273e+00 8.205404877662658691e-02 2.216811478137969971e-01 1.464905142784118652e-01 5.242282152175903320e-01 1.826233506202697754e+00
8.989669680595397949e-01 2.182907581329345703e+00 3.266561985015869141e+00 8.193626999855041504e-02 2.239388227462768555e-01 1.315307021141052246e-01 4.854055643081665039e-01 1.649581551551818848e+00
6.528435945510864258e-01 2.559084892272949219e+00 3.032877683639526367e+00 6.098690629005432129e-02 2.280484139919281006e-01 1.382193565368652344e-01 4.404084682464599609e-01 1.432986259460449219e+00
4.739162325859069824e-01 2.824875354766845703e+00 2.859049081802368164e+00 4.827442765235900879e-02 2.267201840877532959e-01 1.450414061546325684e-01 4.189208745956420898e-01 1.400030493736267090e+00
4.956493973731994629e-01 3.187077522277832031e+00 2.725929975509643555e+00 5.900481343269348145e-02 2.923217415809631348e-01 1.748958230018615723e-01 5.537941455841064453e-01 1.250109434127807617e+00
2.583341002464294434e-01 3.747226238250732422e+00 2.900696992874145508e+00 8.442190289497375488e-02 3.425216972827911377e-01 1.709434390068054199e-01 6.568647027015686035e-01 1.162179231643676758e+00
-9.276455640792846680e-02 4.135039329528808594e+00 2.812509775161743164e+00 9.932997822761535645e-02 4.300499558448791504e-01 2.068309187889099121e-01 8.169519305229187012e-01 8.378716707229614258e-01
-7.986910343170166016e-01 3.896568775177001953e+00 2.599561929702758789e+00 9.725120663642883301e-02 4.282055497169494629e-01 2.113556265830993652e-01 7.986957430839538574e-01 6.640079021453857422e-01
-1.519108414649963379e+00 3.897134780883789062e+00 2.250948905944824219e+00 1.056102812290191650e-01 4.667870104312896729e-01 2.590269446372985840e-01 9.409366250038146973e-01 7.118144035339355469e-01
-1.941819906234741211e+00 3.811375141143798828e+00 2.148399829864501953e+00 1.290785372257232666e-01 5.089998841285705566e-01 3.192238211631774902e-01 1.177773475646972656e+00 1.132727026939392090e+00
-1.542365431785583496e+00 3.754973411560058594e+00 2.108273744583129883e+00 1.047376692295074463e-01 4.930142164230346680e-01 3.220514655113220215e-01 1.104429483413696289e+00 1.127337217330932617e+00
-1.300922989845275879e+00 3.426324605941772461e+00 2.192056179046630859e+00 9.383550286293029785e-02 4.951909482479095459e-01 3.710448145866394043e-01 1.213352441787719727e+00 1.506128191947937012e+00
-1.068181753158569336e+00 3.424767971038818359e+00 1.969903707504272461e+00 1.089486181735992432e-01 4.851110875606536865e-01 3.518126606941223145e-01 1.208006620407104492e+00 1.607761621475219727e+00
-8.617746829986572266e-01 3.060418128967285156e+00 2.190063953399658203e+00 6.983688473701477051e-02 4.911343753337860107e-01 4.137442708015441895e-01 1.263942241668701172e+00 1.781964898109436035e+00
-7.502586841583251953e-01 3.018501281738281250e+00 2.165647745132446289e+00 8.180263638496398926e-02 4.888378977775573730e-01 4.057020545005798340e-01 1.281315088272094727e+00 1.854075074195861816e+00
-7.588821053504943848e-01 3.062955856323242188e+00 2.164942264556884766e+00 9.030166268348693848e-02 4.906788766384124756e-01 3.922321200370788574e-01 1.271248340606689453e+00 1.801063418388366699e+00
-1.277908563613891602e+00 3.493279695510864258e+00 2.108796596527099609e+00 1.145558655261993408e-01 4.914749860763549805e-01 3.521742224693298340e-01 1.228904247283935547e+00 1.592382669448852539e+00
-1.978347063064575195e+00 4.811201095581054688e+00 1.873364686965942383e+00 1.297992765903472900e-01 4.408923685550689697e-01 2.104375958442687988e-01 9.014327526092529297e-01 1.099328637123107910e+00
-7.319068908691406250e-02 6.553909778594970703e+00 -3.154333531856536865e-01 1.182369887828826904e-01 3.344302475452423096e-01 4.256635904312133789e-02 4.945518374443054199e-01 9.682185649871826172e-01
2.171803236007690430e+00 7.682298183441162109e+00 -1.779714345932006836e+00 1.959000825881958008e-01 5.605612397193908691e-01 1.675481200218200684e-01 1.304600000381469727e+00 8.231600522994995117e-01
4.577585458755493164e-01 6.064455986022949219e+00 -2.583813071250915527e-01 1.368816792964935303e-01 4.235908985137939453e-01 1.254313588142395020e-01 7.935016155242919922e-01 5.863109827041625977e-01
-1.569379210472106934e+00 5.304319858551025391e+00 5.656854510307312012e-01 1.248126327991485596e-01 4.168518483638763428e-01 1.842833161354064941e-01 8.711197972297668457e-01 1.061472296714782715e+00
-1.641592979431152344e+00 4.943687915802001953e+00 9.531841874122619629e-01 1.247147619724273682e-01 4.275084137916564941e-01 2.169550061225891113e-01 9.212411046028137207e-01 1.242891430854797363e+00
-1.196635961532592773e+00 5.257341384887695312e+00 2.205799072980880737e-01 1.279293000698089600e-01 3.757376074790954590e-01 1.688292622566223145e-01 8.434549570083618164e-01 1.325689792633056641e+00
-1.253789186477661133e+00 5.024632930755615234e+00 5.076202750205993652e-01 1.258191168308258057e-01 3.882440328598022461e-01 1.948588490486145020e-01 8.789724111557006836e-01 1.484112501144409180e+00
-1.245048880577087402e+00 4.914696216583251953e+00 5.767866969108581543e-01 1.260836422443389893e-01 3.882148861885070801e-01 2.047223448753356934e-01 8.969091773033142090e-01 1.539431691169738770e+00
-1.010478258132934570e+00 4.849030017852783203e+00 5.701634287834167480e-01 1.296472847461700439e-01 3.391996622085571289e-01 1.603124737739562988e-01 7.666701674461364746e-01 1.668651461601257324e+00
-1.059041976928710938e+00 5.011930465698242188e+00 3.301984667778015137e-01 1.296050846576690674e-01 3.715094029903411865e-01 1.798933148384094238e-01 8.513939380645751953e-01 1.557089686393737793e+00
-8.192713260650634766e-01 5.500849246978759766e+00 -3.971323370933532715e-01 1.625523865222930908e-01 3.415147066116333008e-01 1.134074330329895020e-01 8.664206862449645996e-01 1.337642788887023926e+00
-6.113910675048828125e-01 6.087203502655029297e+00 -8.235016465187072754e-01 1.378854811191558838e-01 3.719798326492309570e-01 1.284694075584411621e-01 7.973632812500000000e-01 1.143159270286560059e+00
-5.736361742019653320e-01 6.320169925689697266e+00 -9.932834506034851074e-01 1.216132342815399170e-01 3.887874484062194824e-01 1.241810917854309082e-01 7.255387306213378906e-01 8.317959308624267578e-01
3.568911552429199219e-02 5.934594154357910156e+00 -6.821523308753967285e-01 1.469815075397491455e-01 3.981584608554840088e-01 1.005098223686218262e-01 7.418467402458190918e-01 4.056928157806396484e-01
4.478281021118164062e+00 7.420070171356201172e+00 -2.085694551467895508e+00 5.471852421760559082e-02 3.806228041648864746e-01 1.236022412776947021e-01 8.527351021766662598e-01 7.202264070510864258e-01
3.727841377258300781e+00 6.242274761199951172e+00 -1.006991267204284668e+00 3.499096632003784180e-02 4.138965308666229248e-01 1.852416992187500000e-01 8.220563530921936035e-01 4.850314855575561523e-01
2.459392547607421875e+00 5.633046627044677734e+00 -6.339240670204162598e-01 5.823308229446411133e-02 5.608302354812622070e-01 3.410949110984802246e-01 1.199708938598632812e+00 7.280846834182739258e-01
2.323846340179443359e+00 5.463979244232177734e+00 -7.735797166824340820e-01 7.360196113586425781e-02 5.480533838272094727e-01 3.269172310829162598e-01 1.198421239852905273e+00 8.867380619049072266e-01
2.157306671142578125e+00 5.227812290191650391e+00 -8.504108786582946777e-01 8.603796362876892090e-02 4.726986587047576904e-01 2.643615603446960449e-01 1.038390159606933594e+00 1.227618813514709473e+00
2.144913434982299805e+00 4.938671112060546875e+00 -6.481151580810546875e-01 6.457331776618957520e-02 3.303030133247375488e-01 1.737424731254577637e-01 6.767316460609436035e-01 1.503391146659851074e+00
2.212061643600463867e+00 4.760377407073974609e+00 -5.314720869064331055e-01 4.131284356117248535e-02 1.981121897697448730e-01 9.056192636489868164e-02 3.449953794479370117e-01 1.676763415336608887e+00
2.414950370788574219e+00 4.699941158294677734e+00 -7.066301107406616211e-01 3.060489892959594727e-02 1.082243919372558594e-01 2.665868401527404785e-02 1.425286531448364258e-01 1.872746229171752930e+00
2.375767946243286133e+00 4.607333183288574219e+00 -5.388372540473937988e-01 3.181102871894836426e-02 1.184191107749938965e-01 3.743290901184082031e-02 1.598397791385650635e-01 1.860020041465759277e+00
2.375236034393310547e+00 4.776799201965332031e+00 -3.886993825435638428e-01 3.024697303771972656e-02 1.815028190612792969e-01 8.473700284957885742e-02 2.921251654624938965e-01 1.709152698516845703e+00
3.408070802688598633e+00 5.169966697692871094e+00 -5.235309600830078125e-01 4.601696133613586426e-02 1.832994818687438965e-01 5.105799436569213867e-02 3.343890607357025146e-01 2.313965797424316406e+00
2.942099571228027344e+00 5.679045677185058594e+00 -2.445586174726486206e-01 2.532783150672912598e-02 6.661748886108398438e-02 -3.973662853240966797e-02 -1.449573040008544922e-02 2.151988506317138672e+00
3.763305187225341797e+00 6.998485088348388672e+00 -9.953104257583618164e-01 8.164381980895996094e-02 4.841811358928680420e-01 2.194768786430358887e-01 1.079374551773071289e+00 1.509813904762268066e+00
4.199737548828125000e+00 6.741521358489990234e+00 -6.297358870506286621e-01 7.219815254211425781e-02 4.045028984546661377e-01 1.436527967453002930e-01 8.443828821182250977e-01 1.284051060676574707e+00
4.082585811614990234e+00 5.662212371826171875e+00 -5.420704483985900879e-01 3.700041770935058594e-02 4.232331812381744385e-01 1.893477737903594971e-01 8.209717273712158203e-01 6.539540290832519531e-01
4.196641921997070312e+00 5.513815879821777344e+00 -9.899795055389404297e-01 3.122168779373168945e-02 4.055143892765045166e-01 1.945006549358367920e-01 8.301715850830078125e-01 8.539799451828002930e-01
4.601882934570312500e+00 5.347320079803466797e+00 -1.077232599258422852e+00 2.613571286201477051e-02 3.910840749740600586e-01 1.943882405757904053e-01 8.272808790206909180e-01 1.341784238815307617e+00
4.614944458007812500e+00 5.296951293945312500e+00 -1.310824155807495117e+00 2.087685465812683105e-02 3.709050714969635010e-01 2.005320191383361816e-01 8.224841356277465820e-01 1.754392266273498535e+00
4.267410278320312500e+00 5.063391685485839844e+00 -1.115435600280761719e+00 2.454300224781036377e-02 3.705343902111053467e-01 2.108677327632904053e-01 8.165100216865539551e-01 1.881168007850646973e+00
4.285456657409667969e+00 4.944971561431884766e+00 -1.155405282974243164e+00 2.388156950473785400e-02 3.663977384567260742e-01 2.138219475746154785e-01 8.175632357597351074e-01 2.171006679534912109e+00
4.260442733764648438e+00 4.931481361389160156e+00 -1.245811820030212402e+00 2.761180698871612549e-02 3.434223234653472900e-01 1.962237060070037842e-01 7.706596851348876953e-01 2.206927299499511719e+00
4.368402481079101562e+00 4.860285282135009766e+00 -1.117287278175354004e+00 2.292861044406890869e-02 3.606535792350769043e-01 2.105641961097717285e-01 8.025998473167419434e-01 2.231276988983154297e+00
4.707989692687988281e+00 5.026635646820068359e+00 -1.291384100914001465e+00 6.227663159370422363e-02 -8.901745080947875977e-02 -1.604802012443542480e-01 -3.046004772186279297e-01 2.165446281433105469e+00
4.516970634460449219e+00 5.088313102722167969e+00 -1.383620023727416992e+00 5.329290032386779785e-02 -4.964298009872436523e-02 -1.196292042732238770e-01 -2.043969035148620605e-01 2.238359928131103516e+00
4.629681587219238281e+00 5.419042587280273438e+00 -1.493207693099975586e+00 2.597928047180175781e-02 3.597710132598876953e-01 1.950460672378540039e-01 8.293695449829101562e-01 2.365124940872192383e+00
4.219453811645507812e+00 5.790967941284179688e+00 -1.190113902091979980e+00 5.532699823379516602e-02 2.996267676353454590e-01 1.145414710044860840e-01 6.697705984115600586e-01 2.337297439575195312e+00
4.420674324035644531e+00 6.470780372619628906e+00 -1.264146327972412109e+00 5.690151453018188477e-02 3.112419247627258301e-01 1.068330407142639160e-01 6.973187327384948730e-01 2.358335018157958984e+00
4.375098228454589844e+00 6.960171222686767578e+00 -1.583975195884704590e+00 5.841395258903503418e-02 3.636723160743713379e-01 1.425681114196777344e-01 8.403423428535461426e-01 1.831452369689941406e+00
5.562824249267578125e+00 7.764606952667236328e+00 -2.123047113418579102e+00 5.267070233821868896e-02 3.792972564697265625e-01 9.886789321899414062e-02 8.644764423370361328e-01 1.204073786735534668e+00
7.275797843933105469e+00 6.901711463928222656e+00 -1.761136293411254883e+00 1.190006732940673828e-02 4.231169521808624268e-01 9.404507279396057129e-02 8.264164328575134277e-01 7.609475851058959961e-01
6.920675277709960938e+00 5.832940101623535156e+00 -1.245272010564804077e-01 3.786087036132812500e-02 4.601158499717712402e-01 9.870666265487670898e-02 8.186691403388977051e-01 6.003338098526000977e-01
7.021017074584960938e+00 5.380314826965332031e+00 -1.668114513158798218e-01 3.658926486968994141e-02 4.585934281349182129e-01 1.065450608730316162e-01 8.253098726272583008e-01 7.041417360305786133e-01
7.026097297668457031e+00 5.179150104522705078e+00 -2.546534240245819092e-01 3.171423077583312988e-02 4.474512934684753418e-01 1.176493465900421143e-01 8.224204778671264648e-01 9.590754508972167969e-01
6.804603576660156250e+00 4.717241764068603516e+00 -2.460796684026718140e-01 2.415379881858825684e-02 4.292498826980590820e-01 1.468745172023773193e-01 8.258169889450073242e-01 1.453704357147216797e+00
6.795011520385742188e+00 4.334760189056396484e+00 9.666578844189643860e-03 2.332971990108489990e-02 4.149467349052429199e-01 1.622910201549530029e-01 8.297975063323974609e-01 1.990300893783569336e+00
6.785381317138671875e+00 4.037848472595214844e+00 2.326458841562271118e-01 2.502265572547912598e-02 4.095783233642578125e-01 1.691917777061462402e-01 8.315242528915405273e-01 2.256476879119873047e+00
6.686986923217773438e+00 3.922829627990722656e+00 3.291107714176177979e-01 4.815962910652160645e-02 3.177915513515472412e-01 9.427961707115173340e-02 6.347553730010986328e-01 2.345474243164062500e+00
6.650479316711425781e+00 3.912238121032714844e+00 3.584169447422027588e-01 8.716997504234313965e-02 1.292957067489624023e-01 -6.846576929092407227e-02 2.059703469276428223e-01 2.344469785690307617e+00
6.390988349914550781e+00 4.027049064636230469e+00 3.781062662601470947e-01 1.245389878749847412e-01 -4.905652999877929688e-02 -2.191169857978820801e-01 -2.027125358581542969e-01 2.347006320953369141e+00
6.118970870971679688e+00 4.457157135009765625e+00 -1.182353347539901733e-01 9.826725721359252930e-02 -1.193037629127502441e-01 -2.389097213745117188e-01 -3.736890554428100586e-01 2.451832771301269531e+00
5.382570266723632812e+00 6.048657417297363281e+00 -3.553266823291778564e-01 2.341067790985107422e-02 3.735150396823883057e-01 1.586165428161621094e-01 7.454093694686889648e-01 2.523965358734130859e+00
5.255346298217773438e+00 7.518539428710937500e+00 -9.424739480018615723e-01 5.854496359825134277e-02 3.777672946453094482e-01 1.102817654609680176e-01 8.088563680648803711e-01 2.140175819396972656e+00
5.091020584106445312e+00 7.774261474609375000e+00 -1.065670967102050781e+00 7.660338282585144043e-02 3.957755267620086670e-01 9.603387117385864258e-02 8.490361571311950684e-01 1.457433104515075684e+00
8.248361587524414062e+00 7.584489822387695312e+00 -3.308206498622894287e-01 4.772791266441345215e-02 4.623553752899169922e-01 1.295167207717895508e-02 7.946670651435852051e-01 5.082024335861206055e-01
6.283641815185546875e+00 5.616499900817871094e+00 1.562743186950683594e+00 6.138023734092712402e-02 5.056391954421997070e-01 9.729853272438049316e-02 8.196529150009155273e-01 5.820596218109130859e-01
6.709592819213867188e+00 4.354406833648681641e+00 2.282047033309936523e+00 7.710492610931396484e-02 5.199442505836486816e-01 8.245721459388732910e-02 8.263675570487976074e-01 5.350272655487060547e-01
7.024429321289062500e+00 3.980156898498535156e+00 2.183114290237426758e+00 6.841212511062622070e-02 5.177009701728820801e-01 8.904194831848144531e-02 8.270138502120971680e-01 6.536412239074707031e-01
7.197675704956054688e+00 3.835891246795654297e+00 2.052640676498413086e+00 5.608712136745452881e-02 5.109255313873291016e-01 1.018985509872436523e-01 8.234913349151611328e-01 8.615082502365112305e-01
7.339997291564941406e+00 3.625069618225097656e+00 2.130277156829833984e+00 4.405108094215393066e-02 5.093455314636230469e-01 1.145351529121398926e-01 8.167042732238769531e-01 1.047212600708007812e+00
7.499355316162109375e+00 3.361881732940673828e+00 2.104667901992797852e+00 3.033035993576049805e-02 4.928398728370666504e-01 1.391641199588775635e-01 8.217605948448181152e-01 1.643106937408447266e+00
7.399893760681152344e+00 3.353941440582275391e+00 1.889600872993469238e+00 2.768146991729736328e-02 4.831119179725646973e-01 1.502528786659240723e-01 8.290801644325256348e-01 1.785905957221984863e+00
7.155076026916503906e+00 3.227228164672851562e+00 1.786314487457275391e+00 2.887272834777832031e-02 4.681746661663055420e-01 1.664236783981323242e-01 8.388097286224365234e-01 2.075386524200439453e+00
7.185685157775878906e+00 3.229678630828857422e+00 1.654206037521362305e+00 2.867347002029418945e-02 4.561711549758911133e-01 1.702505946159362793e-01 8.419312238693237305e-01 2.297420978546142578e+00
7.000903129577636719e+00 3.327540397644042969e+00 1.796187400817871094e+00 4.094699025154113770e-02 4.506145119667053223e-01 1.640402376651763916e-01 8.456999063491821289e-01 2.374114274978637695e+00
6.860321998596191406e+00 3.686789035797119141e+00 1.839481949806213379e+00 5.001357197761535645e-02 4.493776559829711914e-01 1.533730924129486084e-01 8.432391881942749023e-01 2.368604660034179688e+00
5.880585670471191406e+00 4.477369785308837891e+00 2.586963891983032227e+00 6.003460288047790527e-02 4.685894250869750977e-01 1.538807749748229980e-01 8.131399750709533691e-01 2.311897277832031250e+00
5.992071151733398438e+00 6.262580871582031250e+00 2.088184833526611328e+00 7.915559411048889160e-02 4.990823864936828613e-01 1.016746163368225098e-01 8.334630727767944336e-01 1.533254742622375488e+00
7.103722572326660156e+00 7.654148101806640625e+00 1.250233888626098633e+00 7.004037499427795410e-02 5.137336254119873047e-01 4.114282131195068359e-02 8.278579115867614746e-01 6.827381849288940430e-01
7.149986267089843750e+00 7.786296844482421875e+00 1.413293838500976562e+00 7.119187712669372559e-02 5.210665464401245117e-01 3.124254941940307617e-02 8.154777288436889648e-01 6.167761087417602539e-01
4.374178886413574219e+00 4.576811313629150391e+00 3.511746406555175781e+00 5.691704154014587402e-02 5.058632493019104004e-01 1.484567523002624512e-01 7.575543522834777832e-01 3.077415227890014648e-01
4.507768630981445312e+00 3.526328563690185547e+00 3.775635719299316406e+00 8.318254351615905762e-02 5.026282668113708496e-01 1.374139189720153809e-01 7.825045585632324219e-01 3.526170253753662109e-01
5.515322685241699219e+00 2.812004089355468750e+00 3.706393718719482422e+00 1.103606522083282471e-01 5.108265876770019531e-01 1.020187139511108398e-01 8.233776092529296875e-01 5.737867355346679688e-01
5.267032623291015625e+00 2.349013328552246094e+00 3.874322652816772461e+00 9.382739663124084473e-02 4.859774708747863770e-01 1.355348229408264160e-01 8.012545108795166016e-01 1.003914594650268555e+00
5.207225799560546875e+00 1.995210766792297363e+00 3.954647064208984375e+00 7.597079873085021973e-02 4.638696014881134033e-01 1.693592071533203125e-01 7.973924875259399414e-01 1.574573874473571777e+00
5.267331123352050781e+00 1.765939235687255859e+00 3.959186553955078125e+00 7.009682059288024902e-02 4.554267227649688721e-01 1.831509172916412354e-01 8.096224069595336914e-01 1.832649588584899902e+00
5.086522102355957031e+00 1.699024438858032227e+00 3.893504381179809570e+00 6.869724392890930176e-02 4.433046877384185791e-01 1.986503601074218750e-01 8.244493007659912109e-01 2.094572067260742188e+00
5.162334442138671875e+00 1.694063544273376465e+00 3.829002141952514648e+00 6.523010134696960449e-02 4.442619383335113525e-01 2.014423906803131104e-01 8.255470991134643555e-01 2.143571853637695312e+00
5.158069610595703125e+00 1.693365335464477539e+00 3.802553415298461914e+00 6.458815932273864746e-02 4.436999261379241943e-01 2.031631171703338623e-01 8.270852565765380859e-01 2.168347358703613281e+00
5.188922882080078125e+00 1.705211162567138672e+00 3.818085670471191406e+00 6.388726830482482910e-02 4.424591958522796631e-01 2.033736109733581543e-01 8.271528482437133789e-01 2.216476917266845703e+00
5.080012321472167969e+00 1.926734447479248047e+00 3.966618299484252930e+00 5.850383639335632324e-02 4.300547540187835693e-01 2.093183994293212891e-01 8.196940422058105469e-01 2.448656082153320312e+00
4.439755439758300781e+00 2.555480718612670898e+00 3.919668197631835938e+00 5.203369259834289551e-02 4.080916643142700195e-01 2.285593152046203613e-01 8.121968507766723633e-01 2.721496582031250000e+00
4.419618606567382812e+00 3.635636329650878906e+00 4.143116950988769531e+00 5.193200707435607910e-02 4.426297545433044434e-01 1.943144202232360840e-01 7.590187788009643555e-01 2.028689384460449219e+00
4.150648117065429688e+00 5.124567985534667969e+00 3.100770711898803711e+00 5.877521634101867676e-02 4.920430183410644531e-01 1.663729548454284668e-01 7.837646603584289551e-01 8.334826231002807617e-01
3.819590568542480469e+00 5.663395404815673828e+00 3.099441528320312500e+00 4.441025853157043457e-02 4.899971485137939453e-01 1.748544573783874512e-01 7.675464153289794922e-01 5.476260185241699219e-01
3.412388086318969727e+00 5.102946281433105469e+00 3.360738039016723633e+00 3.405776619911193848e-02 4.851683378219604492e-01 1.882010102272033691e-01 7.379999756813049316e-01 1.374425888061523438e-01
7.511964797973632812e+00 5.638433456420898438e+00 1.939069867134094238e+00 6.958845257759094238e-02 5.275495648384094238e-01 2.353459596633911133e-02 7.794448137283325195e-01 -6.044149398803710938e-03
7.948893547058105469e+00 6.543455600738525391e+00 -6.282749772071838379e-01 1.814474165439605713e-02 4.608594775199890137e-01 5.993258953094482422e-02 7.794590592384338379e-01 3.718050718307495117e-01
7.265661239624023438e+00 5.503333568572998047e+00 9.915651381015777588e-02 4.614561796188354492e-02 4.710109829902648926e-01 8.496287465095520020e-02 8.278353810310363770e-01 5.378700494766235352e-01
7.129494667053222656e+00 5.226039886474609375e+00 -1.300369016826152802e-02 4.154276847839355469e-02 4.625877141952514648e-01 1.015102267265319824e-01 8.296902179718017578e-01 7.137804031372070312e-01
7.327342033386230469e+00 5.069077491760253906e+00 -1.747206300497055054e-01 3.335539996623992920e-02 4.501730501651763916e-01 1.088356971740722656e-01 8.223993182182312012e-01 1.009911775588989258e+00
7.273662567138671875e+00 4.891982078552246094e+00 -4.060126245021820068e-01 2.336722612380981445e-02 4.331503808498382568e-01 1.272861361503601074e-01 8.209015130996704102e-01 1.367014288902282715e+00
7.329936981201171875e+00 4.596604824066162109e+00 -3.970877826213836670e-01 1.920138299465179443e-02 4.190373718738555908e-01 1.406075358390808105e-01 8.238523006439208984e-01 1.800426244735717773e+00
7.311492919921875000e+00 4.408770084381103516e+00 -4.018569886684417725e-01 1.676078140735626221e-02 4.112297892570495605e-01 1.489916741847991943e-01 8.241862058639526367e-01 2.003999710083007812e+00
7.284350395202636719e+00 4.302383422851562500e+00 -3.205626904964447021e-01 1.617981493473052979e-02 4.060356616973876953e-01 1.546326279640197754e-01 8.250250220298767090e-01 2.173102378845214844e+00
7.003718376159667969e+00 4.209095954895019531e+00 -9.631870687007904053e-02 1.935558021068572998e-02 4.059681296348571777e-01 1.636660099029541016e-01 8.282624483108520508e-01 2.214267492294311523e+00
7.031044960021972656e+00 4.461522102355957031e+00 1.815246492624282837e-01 2.714270353317260742e-02 4.026594161987304688e-01 1.535103917121887207e-01 8.263121843338012695e-01 2.373928546905517578e+00
6.898389816284179688e+00 5.377000808715820312e+00 9.640766680240631104e-02 1.882278919219970703e-02 4.095802903175354004e-01 1.437199413776397705e-01 8.017453551292419434e-01 2.126663446426391602e+00
6.745614051818847656e+00 7.307722091674804688e+00 -7.107643485069274902e-01 2.432954311370849609e-02 4.000870883464813232e-01 9.994888305664062500e-02 7.771490812301635742e-01 1.753592610359191895e+00
9.720794677734375000e+00 8.143345832824707031e+00 -1.234382629394531250e+00 2.808569371700286865e-02 4.534368216991424561e-01 -2.157685160636901855e-02 7.899213433265686035e-01 6.435543298721313477e-01
9.932673454284667969e+00 8.123235702514648438e+00 -4.987369477748870850e-02 6.246326863765716553e-02 4.842746257781982422e-01 -7.087433338165283203e-02 7.781211137771606445e-01 3.281627893447875977e-01
9.253212928771972656e+00 7.771370410919189453e+00 4.993605911731719971e-01 6.214091181755065918e-02 4.957681894302368164e-01 -4.170459508895874023e-02 7.810587286949157715e-01 3.400760889053344727e-01
7.892475128173828125e+00 6.613934993743896484e+00 -1.381440520286560059e+00 -8.096635341644287109e-03 4.432759582996368408e-01 8.732336759567260742e-02 7.747727036476135254e-01 5.004843473434448242e-01
8.623265266418457031e+00 5.942548274993896484e+00 -1.808932304382324219e+00 5.941331386566162109e-03 4.455274343490600586e-01 7.066780328750610352e-02 8.256661891937255859e-01 5.595480203628540039e-01
7.982898712158203125e+00 5.687530040740966797e+00 -1.567031145095825195e+00 2.460291981697082520e-02 4.364777207374572754e-01 8.660575747489929199e-02 8.489044904708862305e-01 8.349547386169433594e-01
7.873260498046875000e+00 5.165816783905029297e+00 -1.771230459213256836e+00 1.238578557968139648e-02 4.128221869468688965e-01 1.189395189285278320e-01 8.591650724411010742e-01 1.491554021835327148e+00
8.845772743225097656e+00 4.877949714660644531e+00 -2.097232103347778320e+00 4.455953836441040039e-03 3.952331542968750000e-01 1.101655960083007812e-01 8.692741990089416504e-01 2.242272138595581055e+00
8.909038543701171875e+00 4.817096710205078125e+00 -2.084567546844482422e+00 5.471438169479370117e-03 3.967475295066833496e-01 1.083842515945434570e-01 8.702960014343261719e-01 2.242911338806152344e+00
8.881706237792968750e+00 4.645863056182861328e+00 -1.997933030128479004e+00 -2.072438597679138184e-03 3.936190009117126465e-01 1.195284128189086914e-01 8.601588010787963867e-01 2.406414270401000977e+00
8.856808662414550781e+00 4.570383548736572266e+00 -2.025631189346313477e+00 -4.736602306365966797e-03 3.912899494171142578e-01 1.247644722461700439e-01 8.605802059173583984e-01 2.487564563751220703e+00
8.799057960510253906e+00 4.561981201171875000e+00 -2.018359899520874023e+00 -4.728049039840698242e-03 3.908863067626953125e-01 1.266967356204986572e-01 8.606737852096557617e-01 2.485785007476806641e+00
9.178113937377929688e+00 4.449456691741943359e+00 -2.241601467132568359e+00 -1.687926054000854492e-02 3.933558464050292969e-01 1.289756298065185547e-01 8.650086522102355957e-01 2.571343898773193359e+00
9.202206611633300781e+00 4.930828094482421875e+00 -2.127707481384277344e+00 9.523928165435791016e-03 3.964987397193908691e-01 9.454959630966186523e-02 8.730346560478210449e-01 2.284865856170654297e+00
8.648818016052246094e+00 5.862715244293212891e+00 -1.628965258598327637e+00 -3.662109375000000000e-04 3.984530568122863770e-01 9.685909748077392578e-02 8.192929625511169434e-01 2.050369262695312500e+00
8.222719192504882812e+00 7.095101833343505859e+00 -1.499800682067871094e+00 -4.796996712684631348e-03 3.908320069313049316e-01 8.715268969535827637e-02 7.834132909774780273e-01 1.998634696006774902e+00
7.881570816040039062e+00 7.639154911041259766e+00 -1.729959011077880859e+00 2.096885442733764648e-02 4.083827137947082520e-01 6.054913997650146484e-02 8.195343017578125000e-01 1.267744898796081543e+00
6.937557220458984375e+00 7.877567291259765625e+00 -1.860789060592651367e+00 2.472829818725585938e-02 4.084693193435668945e-01 7.525491714477539062e-02 8.234934806823730469e-01 8.781915903091430664e-01
6.966709136962890625e+00 7.110942840576171875e+00 -1.527576804161071777e+00 -1.787543296813964844e-04 4.246172904968261719e-01 1.023666262626647949e-01 7.868813872337341309e-01 6.203967332839965820e-01
7.037998199462890625e+00 6.042342662811279297e+00 -2.089689485728740692e-02 4.113548994064331055e-02 4.655470550060272217e-01 8.510911464691162109e-02 8.128659725189208984e-01 4.899269342422485352e-01
7.779459953308105469e+00 5.238957881927490234e+00 4.350447952747344971e-01 5.164946615695953369e-02 4.783220291137695312e-01 7.237988710403442383e-02 8.351483941078186035e-01 7.228721380233764648e-01
8.349475860595703125e+00 5.224960803985595703e+00 -3.413599431514739990e-01 3.558538854122161865e-02 4.555314481258392334e-01 6.909731030464172363e-02 8.173341751098632812e-01 9.846272468566894531e-01
8.656867027282714844e+00 4.616663932800292969e+00 -1.154726594686508179e-01 3.275331854820251465e-02 4.443490505218505859e-01 8.357572555541992188e-02 8.298835158348083496e-01 1.611266374588012695e+00
8.774457931518554688e+00 4.191975116729736328e+00 -1.056715101003646851e-01 2.179035544395446777e-02 4.350754618644714355e-01 1.035466492176055908e-01 8.324040770530700684e-01 2.030756235122680664e+00
8.763993263244628906e+00 3.954759359359741211e+00 -1.541786044836044312e-01 1.400709152221679688e-02 4.295887351036071777e-01 1.173747777938842773e-01 8.319288492202758789e-01 2.213454008102416992e+00
8.682321548461914062e+00 3.911951780319213867e+00 -2.866656482219696045e-01 9.434536099433898926e-03 4.233601093292236328e-01 1.259149909019470215e-01 8.312665820121765137e-01 2.297236919403076172e+00
8.599549293518066406e+00 4.048676013946533203e+00 -4.732620418071746826e-01 6.125807762145996094e-03 4.148039519786834717e-01 1.299554109573364258e-01 8.289811611175537109e-01 2.361347198486328125e+00
8.086580276489257812e+00 4.677273273468017578e+00 -3.440137803554534912e-01 1.647719740867614746e-02 4.091260135173797607e-01 1.246136724948883057e-01 8.223145604133605957e-01 2.272972106933593750e+00
7.507016181945800781e+00 5.369376659393310547e+00 2.142672687768936157e-01 2.322414517402648926e-02 4.023631215095520020e-01 1.239692568778991699e-01 8.008887767791748047e-01 2.453019857406616211e+00
7.822573661804199219e+00 6.342157840728759766e+00 2.745636999607086182e-01 2.900218963623046875e-02 4.338176250457763672e-01 8.645281195640563965e-02 7.968430519104003906e-01 1.824057459831237793e+00
6.620949745178222656e+00 7.595888614654541016e+00 -3.532199561595916748e-01 4.792028665542602539e-02 4.402884840965270996e-01 7.585686445236206055e-02 8.111070990562438965e-01 9.228035211563110352e-01
8.136647224426269531e+00 7.517102718353271484e+00 6.435576677322387695e-01 4.520663619041442871e-02 4.924618303775787354e-01 2.135261893272399902e-02 7.870306372642517090e-01 5.636581182479858398e-01
8.063940048217773438e+00 6.753304481506347656e+00 1.565817594528198242e+00 5.005878210067749023e-02 5.163223743438720703e-01 1.651066541671752930e-02 7.620176672935485840e-01 4.049104452133178711e-01
9.215453147888183594e+00 7.976582050323486328e+00 9.418253898620605469e-01 5.322015285491943359e-02 5.091369748115539551e-01 -4.669433832168579102e-02 7.463400959968566895e-01 2.329367399215698242e-01
8.590655326843261719e+00 7.630173683166503906e+00 5.540757179260253906e-01 4.937386512756347656e-02 4.980869591236114502e-01 -1.272928714752197266e-02 7.668724060058593750e-01 1.602567434310913086e-01
