0 -0.870388 1.248831 -8.090377 298.1349 175.5645 179.4983 87.6319 28.06349 175.5645 
0 -0.8848 1.194324 -5.993295 303.8675 90.32166 295.3026 56.13293 0.2158 90.3217 
0 -0.927174 1.156691 -3.979019 302.0627 4.375651 15.04405 87.26388 31.98751 4.375645 
0 -1.016587 1.103425 -2.019029 297.9843 263.6935 110.135 117.8405 3.34041 96.30644 
0 -1.064941 1.048809 -0.02935766 298.5815 178.7819 194.2619 89.33643 28.57606 178.7818 
0 -1.040681 1.026693 2.02651 303.7827 87.87292 315.2736 56.23554 1.422441 87.87295 
0 -1.135168 0.9691488 4.028358 297.817 2.900311 40.09266 88.47075 27.7867 2.900295 
0 -1.238524 0.9363495 5.986285 298.1636 268.2974 130.3383 118.1531 0.9112865 91.70264 
0 -1.177541 0.9958738 7.817782 304.9018 183.1974 339.0916 92.22842 34.85991 176.8026 
0 -2.813361 1.28083 -8.118202 302.6625 180.6891 351.708 90.44179 32.66062 179.3107 
0 -2.669606 1.249379 -6.016116 303.5451 90.11105 88.93596 56.45495 0.07132626 90.1111 
0 -2.906454 1.121134 -3.997633 301.1271 6.142879 170.365 86.30264 30.98133 6.142866 
0 -2.957733 1.193249 -2.064317 298.2491 264.0696 273.3361 118.1211 3.17749 95.93044 
0 -2.985512 1.180149 -0.1267159 302.565 183.5273 348.1874 92.25018 32.51577 176.4727 
0 -2.93117 1.082554 1.988354 298.709 90.73829 72.68027 61.29292 0.4039677 90.73829 
0 -3.081566 0.946339 4.032289 302.8256 359.4513 157.5932 90.35394 32.82442 0.5485832 
0 -3.242412 0.9281489 5.921389 299.6149 267.3783 238.6522 119.5891 1.489378 92.62173 
0 -3.26561 0.9240477 7.842995 302.8399 187.9411 323.8061 95.09567 32.58888 172.0589 
0 -4.894988 1.194479 -8.158415 303.933 178.3439 269.7429 88.88614 33.92195 178.3441 
0 -4.962229 1.194177 -6.095373 298.7101 95.0845 344.9796 61.38497 2.77904 95.08461 
0 -4.9938 1.111638 -4.045701 301.882 1.012071 124.1051 89.37051 31.87795 1.012011 
0 -5.082862 1.062878 -2.113885 299.9886 266.7222 232.3806 119.948 1.889791 93.27782 
0 -5.05278 1.046073 -0.1777027 307.1367 177.8712 294.2304 88.38866 37.11769 177.8713 
0 -5.104835 0.9979646 1.965495 300.9499 90.44374 67.12579 59.05087 0.2661444 90.44375 
0 -5.157347 0.9411858 3.94019 300.5012 359.241 173.7587 90.44707 30.499 0.7589878 
0 -5.235325 0.9163126 5.828956 304.3072 264.3209 260.943 124.1761 3.862952 95.67918 
0 -5.294225 0.9783802 7.61226 306.8535 183.8938 312.1645 92.91384 36.79 176.1062 
0 -6.820919 1.182894 -8.266741 308.2503 176.1912 287.0201 87.00231 38.1888 176.1913 
0 -6.842839 1.155748 -6.105219 306.3668 90.1823 32.37994 53.63337 0.1341704 90.18229 
0 -7.011257 1.08874 -3.994373 306.3525 359.7491 139.5245 90.18462 36.35224 0.2502292 
0 -7.10922 1.076977 -2.108781 301.3516 269.6093 233.083 121.351 0.2382111 90.39069 
0 -7.073662 1.049098 -0.2295914 308.3075 181.9846 304.9335 91.56707 38.29076 178.0154 
0 -7.053696 0.9686879 1.925358 302.8364 92.39189 55.74462 57.18634 1.542816 92.39189 
0 -7.148708 0.9099586 3.903207 301.5391 356.2478 168.9716 92.30002 31.48432 3.752228 
0 -7.183851 0.8836792 5.824146 299.7006 260.4704 265.8642 119.3591 5.394631 99.52952 
0 -7.236833 0.9486494 7.691113 303.8213 184.0251 320.4016 92.69262 33.7559 175.9748 
0 -8.840649 1.170549 -8.203255 303.246 95.21516 7.730797 56.8629 3.40996 95.21516 
0 -8.921063 1.114675 -6.104303 303.2184 0.1983856 130.6494 89.87016 33.21827 0.1978235 
0 -8.975894 1.102828 -4.20019 297.6815 265.9564 229.3525 117.6228 2.118587 94.04359 
0 -9.018961 1.081631 -2.273398 307.9418 180.8098 302.6956 90.63128 37.93906 179.1904 
0 -9.048725 1.033733 -0.1074966 301.985 91.84418 45.87711 58.02838 1.151481 91.84419 
0 -9.093449 0.9720303 1.891073 299.2454 2.623923 155.2199 88.53165 29.21974 2.623908 
