0 -9.22183 54.85947 -80.78505 301.3232 182.8938 303.0229 91.7598 31.29073 177.1062 
0 -10.73462 54.32925 -41.34142 302.5705 184.9948 289.1244 93.1834 32.47175 175.0052 
0 -11.80101 54.10226 -1.950438 302.4055 187.2313 273.9152 94.56818 32.19878 172.7688 
0 -11.38791 53.2226 38.70427 302.9884 185.6564 262.5867 93.66074 32.86087 174.3436 
0 -12.72836 53.03294 80.48602 304.4216 190.1255 244.9373 96.86949 34.0034 169.8745 
0 -49.73833 55.11501 -83.31116 302.764 187.772 304.8129 94.97398 32.5238 172.228 
0 -49.53874 54.31709 -42.03464 302.032 186.8661 292.1526 94.2775 31.8469 173.134 
0 -50.98291 53.53283 -1.075267 301.9014 187.2033 280.1611 94.46302 31.69808 172.7968 
0 -50.91915 52.75374 39.11711 302.0027 185.0322 268.1943 93.13763 31.90331 174.9678 
0 -50.05045 52.44537 76.66525 303.1675 183.8212 253.7119 92.49396 33.1091 176.1789 
0 -88.95751 54.69423 -84.60644 303.8723 185.8268 314.7273 93.89857 33.73503 174.1732 
0 -88.96519 54.00274 -43.78553 302.9362 185.6376 305.86 93.64125 32.80951 174.3626 
0 -90.05436 53.16808 -1.682557 300.5362 187.3027 290.7424 94.28809 30.33244 172.6974 
0 -90.4476 52.96667 37.52525 301.539 189.528 273.7598 95.80087 31.18531 170.472 
0 -89.61523 56.73814 84.98162 287.3879 191.8843 253.174 93.68986 17.03702 168.1156 
0 -131.6763 54.41595 -83.48907 301.4575 192.8383 326.7907 97.74123 30.81551 167.1617 
0 -129.7431 53.96767 -43.51679 301.3765 189.347 317.3393 95.65645 31.03711 170.653 
0 -128.9922 53.51141 -3.791407 300.9286 188.0515 302.8004 94.79702 30.67899 171.9486 
0 -130.5513 52.4701 37.66699 299.1931 188.666 281.5062 94.8121 28.91382 171.334 
0 -129.8228 51.81301 76.88173 299.8005 180.6352 266.5336 90.36376 29.79902 179.3648 
0 -168.8485 54.47927 -82.8716 299.1929 182.6721 318.4049 91.49214 29.16637 177.3278 
0 -168.8347 53.80729 -42.13469 299.0832 183.3571 300.2845 91.86538 29.0414 176.6432 
0 -168.5422 52.82189 -3.031718 300.0044 181.2534 289.0952 90.72369 29.99849 178.7466 
0 -168.5764 52.1628 37.17035 300.5039 179.637 274.4618 89.78625 30.50346 179.6374 
0 -168.9078 51.78934 76.91216 303.7557 179.8182 259.5616 89.87851 33.75559 179.8187 
