0 -8.180405 11.94477 -80.12306 303.9323 90.88563 295.1878 56.07087 0.5954478 90.8855 
0 -8.998056 11.41151 -40.39207 304.9724 90.60947 314.2357 55.02916 0.4261257 90.60941 
0 -10.27548 10.69979 0.1018825 303.198 89.5786 328.9602 56.80271 0.2762456 89.57861 
0 -11.3973 9.922396 39.99473 303.3686 91.47965 340.2392 56.64016 0.9743798 91.47964 
0 -11.79078 9.405246 79.77277 305.0925 93.10238 350.8201 54.94702 2.177627 93.10242 
0 -47.51928 12.09177 -81.39084 305.4049 93.78594 341.7354 54.6542 2.687079 93.78588 
0 -48.54684 11.54892 -41.01536 306.0238 92.46445 343.5999 54.00141 1.791003 92.46441 
0 -50.0224 10.59602 -0.9288396 303.5359 93.2477 344.49 56.50654 2.150404 93.2477 
0 -51.21467 9.791991 38.93021 302.5513 93.78957 346.3978 57.50558 2.415812 93.78959 
0 -52.40564 10.28877 76.11495 304.7015 94.20358 350.9182 55.37064 2.905825 94.20365 
0 -87.95456 11.92302 -82.18901 302.9986 93.2942 340.7602 57.04471 2.136892 93.29412 
0 -88.79163 11.29004 -42.01931 304.5631 92.58205 341.6432 55.46402 1.777622 92.58212 
0 -89.90152 10.39294 -1.829591 304.3905 92.85002 346.4767 55.6426 1.949131 92.85001 
0 -90.21167 9.677677 37.75551 307.07 95.47562 343.3944 53.05593 4.123266 95.47563 
0 -90.85857 8.990606 77.7102 306.3834 95.33747 349.1711 53.73546 3.920915 95.33748 
0 -126.9288 11.90754 -84.10852 306.9696 96.52641 336.0676 53.20921 4.890045 96.52641 
0 -128.9101 11.13431 -42.32756 302.6772 88.98417 347.9963 57.32684 0.6516207 88.98416 
0 -129.5347 10.39749 -2.747338 304.5809 91.80193 345.0574 55.43227 1.24175 91.80193 
0 -130.5809 9.5725 36.72687 302.7159 95.05058 341.9293 57.38536 3.236763 95.05062 
0 -129.8538 10.61007 73.51275 304.1335 88.07751 352.2539 55.88146 1.302812 88.07757 
0 -167.1999 11.69498 -84.57698 302.7894 91.39098 329.9692 57.21822 0.8959111 91.391 
0 -168.6377 10.9053 -44.15972 302.4235 91.86536 330.4012 57.59024 1.184486 91.86537 
0 -169.3573 10.26894 -4.05936 303.8681 93.00172 331.0057 56.16818 2.012853 93.00172 
0 -169.806 9.37828 35.69801 303.9661 93.85387 334.3824 56.09393 2.592463 93.8539 
0 -170.5249 8.554371 75.88448 302.118 89.2046 341.7684 57.88445 0.4988932 89.2046 
