0 -8.496315 11.93408 -79.91207 303.4765 4.465632 10.16878 87.05249 33.39635 4.465632 
0 -9.878946 11.54605 -38.39647 310.1966 1.302094 31.11195 88.90002 40.18927 1.302061 
0 -10.70354 10.57338 0.2629173 302.5531 3.466545 50.47295 87.78951 32.50552 3.466562 
0 -11.50877 9.861911 40.51624 300.6674 4.769457 57.82513 87.17734 30.58023 4.769454 
0 -12.29571 9.324978 80.55352 301.6364 4.890469 72.52532 86.99348 31.54317 4.890485 
0 -48.49076 11.81733 -80.91263 303.2554 1.140345 16.20575 89.25226 33.25021 1.140381 
0 -49.32873 11.24157 -40.58773 302.4856 3.6628 27.76014 87.67072 32.43251 3.662762 
0 -50.30283 10.30271 -0.4422098 300.4025 2.45899 42.18973 88.55795 30.37947 2.458935 
0 -51.30901 9.833893 39.33389 299.3408 2.616422 55.27229 88.5301 29.31524 2.616437 
0 -53.00274 10.88788 76.08587 301.6456 3.320373 68.9324 87.9557 31.60257 3.320305 
0 -88.00478 11.70598 -81.80603 303.2674 1.14651 15.34229 89.24799 33.26216 1.146371 
0 -88.92789 11.20348 -41.2562 305.5959 2.306829 27.69856 88.34969 35.57392 2.306729 
0 -90.06606 10.24318 -1.418682 302.7576 3.443847 39.27922 87.78666 32.71053 3.443783 
0 -91.09003 9.51362 38.52969 300.0383 4.641823 51.90127 87.32078 29.95677 4.641862 
0 -91.94693 9.01944 77.79294 297.6991 3.158067 67.30047 88.34341 27.66333 3.157899 
0 -127.5282 11.57029 -83.1078 302.2135 1.602639 21.41747 88.99046 32.20335 1.602544 
0 -128.8947 10.93207 -42.52545 303.587 2.706302 29.15685 88.20412 33.55754 2.706242 
0 -130.0084 10.19047 -2.449967 300.3734 2.839335 42.85841 88.337 30.34272 2.839591 
0 -130.7881 9.40593 37.29253 300.2237 2.774287 56.88282 88.38485 30.1945 2.774246 
0 -130.2046 10.68448 73.8201 302.5301 1.480628 66.9148 89.05583 32.5214 1.480548 
0 -167.6939 11.61114 -83.28246 303.9845 0.7697187 28.83168 89.48097 33.98207 0.7699938 
0 -168.9226 10.81115 -43.18242 303.1868 0.8269268 35.99354 89.45921 33.18405 0.8268523 
0 -169.953 10.01103 -2.857403 302.3658 1.987475 44.01806 88.74065 32.35025 1.987708 
0 -170.3722 9.21439 36.9035 301.683 0.7941974 54.73388 89.50986 31.68056 0.7940154 
0 -171.0072 8.518525 76.68397 300.4844 359.201 65.75307 90.47036 30.48193 0.7991739 
