0 -9.097305 55.11301 -80.66768 302.6765 273.3898 93.93768 122.6309 2.171867 86.61018 
0 -8.475875 54.70792 -39.46313 304.4495 272.5488 79.81646 124.423 1.747309 87.45119 
0 -11.67098 53.88155 2.81369 302.5173 273.8989 72.57916 122.4572 2.48207 86.10107 
0 -10.40928 53.16286 42.15549 300.2927 271.7502 63.37909 120.281 1.022016 88.2499 
0 -12.13176 52.30997 83.73595 302.1237 274.0771 51.05591 122.0584 2.556041 85.92289 
0 -51.4969 55.12502 -79.24741 303.1997 274.6765 89.18281 123.1123 3.053963 85.32342 
0 -49.5709 54.51431 -39.83004 300.8509 274.2944 84.33127 120.78 2.561014 85.70564 
0 -50.35263 53.95443 -0.381559 300.7688 272.1611 75.96442 120.7509 1.286183 87.83885 
0 -52.38213 53.23094 39.66473 303.3498 273.1185 63.30283 123.3109 2.050423 86.88152 
0 -49.81169 52.60802 78.34563 300.4452 275.8035 49.85189 120.3167 3.401164 84.19653 
0 -90.04714 54.53972 -81.23389 302.0045 273.816 116.3131 121.9475 2.381706 86.18414 
0 -90.93575 54.31798 -42.129 302.0716 272.1342 99.26241 122.0537 1.336766 87.86582 
0 -91.28571 53.0428 -1.07206 304.8325 272.7978 92.78467 124.8005 1.945312 87.20222 
0 -88.83385 52.74502 38.86489 301.6111 274.1083 75.4279 121.5453 2.524682 85.89172 
0 -92.22012 58.1255 88.83327 307.2375 303.0421 18.03189 122.5031 22.51074 56.9579 
0 -129.7091 54.40569 -82.12447 300.9892 273.8174 130.4929 120.933 2.289953 86.18237 
0 -129.9414 53.95327 -43.04199 300.7149 273.147 123.4933 120.6769 1.868022 86.85296 
0 -131.5497 53.32817 -1.931269 302.725 276.3781 85.6624 122.5634 4.083174 83.62196 
0 -132.5667 52.42989 39.56014 302.4914 277.8238 64.93127 122.2491 4.954799 82.17622 
0 -129.5604 51.74807 76.87302 301.9543 271.5175 59.34335 121.9453 0.9462603 88.48252 
0 -171.2186 54.30783 -81.54437 301.6163 277.819 145.1359 121.3778 4.787125 82.18116 
0 -170.9743 53.64686 -43.19699 302.0095 274.9753 134.5943 121.9123 3.103055 85.02469 
0 -169.8773 52.92395 -3.413957 304.5319 272.7292 117.9384 124.5015 1.876593 87.27077 
0 -169.9232 52.15934 39.13601 300.3424 277.266 76.53329 120.1415 4.234015 82.73403 
0 -172.3474 51.72578 78.00714 300.9428 270.7369 61.78688 120.9408 0.4414621 89.26308 
