0 -138.135 -2.77682 -63.62601 7.555266 42.22623 23.00769 11.1641 100.1549 42.22635 
1 -7.487518 22.01085 -81.40118 299.8326 93.91661 94.90607 60.22522 2.243237 93.91691 
0 -138.4805 -2.747686 -63.85297 6.19513 42.31581 20.45103 9.159462 98.35122 42.31579 
1 -9.044617 21.33632 -40.29469 299.6031 90.02647 97.30742 60.39684 0 90.02686 
0 -138.4553 -2.773929 -63.76782 5.763183 41.71536 19.66779 8.624411 97.7001 41.71523 
1 -9.527023 20.57581 -0.4362793 300.5871 90.47414 96.64313 59.41375 0.2797648 90.47395 
0 -138.4514 -2.78841 -63.77318 5.524963 41.60919 18.61552 8.287735 97.3714 41.60911 
1 -11.02277 19.64474 39.52969 298.7648 90.77737 96.53099 61.23742 0.4265846 90.77739 
0 -138.586 -2.806549 -63.9781 5.226716 42.09186 16.81544 7.771021 97.0276 42.09197 
1 -11.50021 18.99304 79.42091 299.64 92.79078 94.96883 60.38924 1.586959 92.79099 
0 -138.9659 -2.764473 -64.57172 7.759218 40.88194 23.92474 11.76015 100.2163 40.882 
1 -48.20883 21.77588 -82.18753 299.2697 93.74404 92.19441 60.78246 2.095645 93.74352 
0 -139.0534 -2.774928 -64.70593 7.58652 40.33654 24.13956 11.62737 99.91118 40.33636 
1 -49.12621 20.89536 -41.17679 299.8669 90.54178 96.2025 60.13409 0.3109043 90.54201 
0 -139.1858 -2.731957 -64.92253 6.454194 40.6682 21.45844 9.84792 98.48285 40.66824 
1 -49.69091 20.22957 -0.6958466 300.0533 88.76524 98.35967 59.9524 0.7143636 88.76478 
0 -139.1989 -2.764318 -64.69261 5.921326 40.90307 19.67513 9.000756 97.81358 40.90322 
1 -50.25838 19.23028 38.96532 300.303 90.44775 96.10046 59.69769 0.261696 90.4478 
0 -138.9252 -2.728708 -64.313 4.671723 42.14404 16.4686 6.94365 96.28929 42.14387 
1 -51.73195 19.24552 76.21582 301.0108 94.14919 92.93272 59.0555 2.490258 94.14902 
0 -138.7579 -2.73525 -64.21819 8.24231 41.27392 24.94165 12.3851 100.9094 41.274 
1 -87.19517 21.63746 -82.34546 303.1461 91.34024 95.45316 56.861 0.8749159 91.34012 
0 -139.2489 -2.755536 -65.06061 7.906891 39.77556 25.17975 12.24775 100.2432 39.77545 
1 -88.56382 20.69301 -42.05034 300.8456 91.42397 95.38216 59.16208 0.8501883 91.42416 
0 -139.3723 -2.736287 -65.06589 6.382875 39.86863 22.42385 9.898947 98.29246 39.86862 
1 -89.73797 19.76911 -2.079163 299.386 92.00793 94.51129 60.62907 1.130558 92.00828 
0 -139.2014 -2.805422 -64.8074 5.245239 40.89953 19.49391 7.981656 96.92499 40.89957 
1 -90.60862 18.97909 37.30244 298.965 96.49723 89.57362 61.19116 3.58381 96.49713 
0 -139.0998 -2.715919 -64.68965 4.881806 41.09077 17.82898 7.404116 96.46553 41.09079 
1 -90.77157 14.8212 82.19955 302.8258 112.0681 70.82327 59.12763 13.62389 112.0681 
0 -155.4677 -2.578356 -81.45821 8.991913 33.67484 27.18561 15.92795 100.7661 33.67477 
1 -127.843 21.35647 -83.43591 300.5552 92.64103 93.79301 59.47147 1.557837 92.64053 
0 -155.5651 -2.474904 -81.53973 8.856597 31.18907 27.64737 16.746 100.3231 31.18904 
1 -128.505 20.79351 -42.93138 300.328 92.00451 94.55289 59.68723 1.172364 92.00479 
0 -164.1706 -2.478037 -82.04556 8.804689 29.2495 27.4426 17.58875 100.0666 29.24952 
1 -129.1691 19.89713 -2.641342 300.1678 91.76797 95.88872 59.84401 1.027744 91.76859 
0 -173.3027 -2.620368 -82.84377 8.296266 28.8123 25.27597 16.83384 99.44857 28.81234 
1 -128.3959 18.96733 37.11404 303.5244 92.39386 94.82555 56.49868 1.584985 92.39372 
0 -176.2586 -2.582366 -82.49011 7.0802 29.7387 21.57079 14.05735 98.14069 29.73879 
1 -127.9017 19.38243 73.64723 302.1539 88.9893 96.82115 57.8501 0.6351982 88.98946 
0 -224.8114 -3.133871 -124.9936 9.034822 15.76583 25.1983 30.33692 99.38188 15.76593 
1 -168.2279 21.34292 -83.37755 299.9182 90.16296 96.68226 60.08188 0.09278741 90.16299 
0 -220.7403 -2.907185 -126.4861 9.091981 12.95578 25.89455 35.51902 99.32545 12.95579 
1 -168.9475 20.7505 -43.41321 298.2462 90.37205 96.51935 61.7543 0.199792 90.37159 
0 -224.2495 -3.138299 -128.8669 8.961431 10.00348 26.16505 42.23376 99.0975 10.00343 
1 -168.5828 19.79192 -3.23848 300.4684 89.93119 97.01615 59.53156 0.03956468 89.93091 
0 -229.0374 -4.041965 -131.2321 8.784302 7.926028 26.24879 48.25504 98.86761 7.926077 
1 -168.7013 18.90325 36.08509 300.6686 91.46049 94.70767 59.33964 0.8659236 91.4606 
0 -231.3501 -4.717923 -132.2419 8.681061 7.401788 26.12062 49.84467 98.75291 7.401625 
1 -170.3351 18.15099 75.73351 296.5896 92.87691 92.36996 63.43937 1.439263 92.87723 
