0 -333.4104 -56.87688 -235.8815 351.6507 172.624 133.5143 48.82176 81.58205 172.6239 
1 -6.338455 61.95123 -79.84428 329.553 178.5719 274.8253 87.57221 59.54527 178.5719 
0 -333.4075 -56.76316 -235.5459 351.6855 172.6729 133.5437 48.88813 81.61799 172.6724 
1 -7.446861 61.23991 -41.74168 331.4579 178.8089 279.1802 87.81144 61.45272 178.8091 
0 -333.4095 -56.87624 -235.658 351.6614 172.6393 133.5568 48.84486 81.59317 172.6396 
1 -8.670509 60.46122 -1.444916 331.5296 178.9225 270.4413 88.01394 61.52531 178.9226 
0 -333.4077 -56.86859 -235.545 351.788 172.671 133.8348 48.52456 81.7213 172.6708 
1 -8.126404 59.63364 39.71722 330.2767 178.5273 274.672 87.42238 60.26858 178.5273 
0 -333.5192 -56.75465 -235.5447 351.8262 172.6739 133.8856 48.40119 81.75987 172.6737 
1 -9.305244 59.05557 81.22946 329.7309 179.8627 276.9371 89.76466 59.73088 179.8629 
0 -333.526 -56.75063 -235.6566 351.8928 172.5619 134.072 47.73589 81.82496 172.5619 
1 -46.63472 61.63623 -81.06056 330.0972 178.5513 267.8048 87.48282 60.08937 178.5514 
0 -333.4127 -56.74846 -235.5445 351.9286 172.5898 134.0938 47.71546 81.8615 172.59 
1 -45.54477 60.89519 -41.63647 331.192 177.8567 266.9757 86.10942 61.17509 177.8566 
0 -333.4128 -56.63681 -235.5445 351.9292 172.588 134.1121 47.70539 81.86207 172.5879 
1 -48.96096 60.07391 -0.5811615 330.107 179.0377 258.8612 88.32655 60.10352 179.0378 
0 -333.4152 -56.63719 -235.7681 351.9228 172.5483 134.1062 47.57725 81.85498 172.5484 
1 -48.43433 59.49212 39.58789 329.4583 178.1658 260.0241 86.89484 59.44549 178.1658 
0 -333.5239 -56.75094 -235.5448 351.8875 172.5956 134.0921 47.88481 81.82019 172.5959 
1 -51.07251 58.45691 78.07969 328.6126 179.2792 267.1442 88.81871 58.61055 179.2794 
0 -333.5284 -56.86156 -235.7684 351.9042 172.5223 134.1406 47.54353 81.83578 172.522 
1 -87.80518 61.40299 -81.51248 329.8234 179.0332 261.1239 88.33788 59.81995 179.0333 
0 -333.5286 -56.74795 -235.7682 351.9371 172.5176 134.1701 47.40936 81.86869 172.5176 
1 -86.6048 60.63215 -41.76993 330.1109 178.2858 249.8385 87.02077 60.09993 178.2858 
0 -333.4174 -56.74738 -235.6566 351.9465 172.5128 134.1789 47.35616 81.87805 172.5124 
1 -91.31711 59.62276 -1.476669 329.9796 180.674 245.382 91.1662 59.97789 179.3262 
0 -333.4191 -56.74763 -235.7684 351.9423 172.4838 134.1499 47.26281 81.87342 172.4839 
1 -89.68394 59.3405 39.56477 328.3524 179.5408 247.5265 89.255 58.35168 179.5407 
0 -333.3036 -56.86358 -235.5453 351.8707 172.5464 134.1371 47.75513 81.80244 172.5463 
1 -86.89824 62.55064 86.28223 313.9211 175.4577 269.4961 85.63859 43.8312 175.4577 
0 -333.4147 -56.63545 -235.5445 351.9516 172.5561 134.1481 47.50416 81.88409 172.5563 
1 -128.0842 61.20562 -83.17177 330.5294 179.4803 225.0015 89.08044 60.52843 179.4804 
0 -333.5273 -56.74806 -235.6564 351.9352 172.5406 134.1594 47.50424 81.86723 172.5408 
1 -127.5423 60.28035 -41.89072 329.6477 179.0317 226.1782 88.34698 59.64425 179.0317 
0 -333.5267 -56.63488 -235.6561 351.961 172.5513 134.157 47.45112 81.89337 172.5511 
1 -127.6423 59.61646 -2.038422 329.8071 179.3522 226.584 88.8869 59.80553 179.3523 
0 -333.4175 -56.74827 -235.6566 351.9318 172.5098 134.1488 47.39856 81.86327 172.5098 
1 -129.5092 58.93233 38.02526 329.4123 180.1908 225.1037 90.32269 59.41223 179.8092 
0 -333.5264 -56.29632 -235.5439 352.0221 172.5562 134.2101 47.25056 81.95512 172.5565 
1 -129.0875 58.37334 72.80096 332.4127 179.5256 228.2587 89.09219 62.4119 179.5256 
0 -333.4164 -56.86086 -235.6567 351.9158 172.5282 134.1263 47.52527 81.84748 172.5281 
1 -167.5026 61.29212 -83.29797 329.8443 179.036 203.1098 88.34137 59.84075 179.0361 
0 -333.4156 -56.97272 -235.6566 351.9118 172.5406 134.1388 47.58783 81.84362 172.5407 
1 -167.8316 60.57745 -45.08612 331.6534 179.2107 203.8134 88.53707 61.65116 179.2107 
0 -333.5263 -56.86026 -235.5447 351.9257 172.5572 134.1015 47.60067 81.85797 172.5572 
1 -167.7352 59.66886 -1.292984 328.1712 178.756 209.8555 87.99688 58.1653 178.7561 
0 -333.4178 -56.63469 -235.6564 351.964 172.507 134.1599 47.27146 81.89568 172.5068 
1 -166.9847 58.84533 36.69879 330.0868 177.9379 215.9771 86.42113 60.0708 177.9379 
0 -333.5288 -56.6358 -235.7682 351.9458 172.5146 134.1606 47.36781 81.87746 172.5149 
1 -168.0099 58.2769 76.76398 329.8044 177.3674 220.2527 85.48675 59.77812 177.3673 
