0.331 0.012 -1.039 0.5 0.5 0.5 0.5 0 0.331 0.012 1.05 0.5 0.5 0.5 0.5 0 
0.331 0.012 -1.039 0.5 0.5 0.5 0.5 0 0.331 0.012 1.05 0.5 0.5 0.5 0.5 0 
0.331 0.012 -1.039 0.5 0.5 0.5 0.5 0 0.331 0.012 1.05 0.5 0.5 0.5 0.5 0 
0.331 0.012 -1.039 0.5 0.5 0.5 0.5 0 0.331 0.012 1.05 0.5 0.5 0.5 0.5 0 
0.331 0.012 -1.039 0.5 0.5 0.5 0.5 0 0.331 0.012 1.05 0.5 0.5 0.5 0.5 0 
0.331 0.012 -1.039 0.5 0.5 0.5 0.5 0 0.331 0.012 1.05 0.5 0.5 0.5 0.5 0 
0.331 0.012 -1.039 0.5 0.5 0.5 0.5 0 0.331 0.012 1.05 0.5 0.5 0.5 0.5 0 
0.331 0.012 -1.039 0.5 0.5 0.5 0.5 0 0.331 0.012 1.05 0.5 0.5 0.5 0.5 0 
0.331 0.012 -1.039 0.5 0.5 0.5 0.5 0 0.331 0.012 1.05 0.5 0.5 0.5 0.5 0 
0.331 0.012 -1.039 0.5 0.5 0.5 0.5 0 0.331 0.012 1.05 0.5 0.5 0.5 0.5 0 
0.331 0.012 -1.039 0.5 0.5 0.5 0.5 0 0.331 0.012 1.05 0.5 0.5 0.5 0.5 0 
0.331 0.012 -1.039 0.5 0.5 0.5 0.5 0 0.331 0.012 1.05 0.5 0.5 0.5 0.5 0 
0.331 0.012 -1.039 0.5 0.5 0.5 0.5 0 0.331 0.012 1.05 0.5 0.5 0.5 0.5 0 
0.331 0.012 -1.039 0.5 0.5 0.5 0.5 0 0.331 0.012 1.05 0.5 0.5 0.5 0.5 0 
0.331 0.012 -1.039 0.5 0.5 0.5 0.5 0 0.331 0.012 1.05 0.5 0.5 0.5 0.5 0 
0.331 0.012 -1.039 0.5 0.5 0.5 0.5 0 0.331 0.012 1.05 0.5 0.5 0.5 0.5 0 
0.331 0.012 -1.039 0.5 0.5 0.5 0.5 0 0.331 0.012 1.05 0.5 0.5 0.5 0.5 0 
0.331 0.012 -1.039 0.5 0.5 0.5 0.5 0 0.331 0.012 1.05 0.5 0.5 0.5 0.5 0 
0.331 0.012 -1.039 0.5 0.5 0.5 0.5 0 0.331 0.012 1.05 0.5 0.5 0.5 0.5 0 
0.331 0.012 -1.039 0.5 0.5 0.5 0.5 0 0.331 0.012 1.05 0.5 0.5 0.5 0.5 0 
0.331 0.012 -1.039 0.5 0.5 0.5 0.5 0 0.331 0.012 1.05 0.5 0.5 0.5 0.5 0 
0.331 0.012 -1.039 0.5 0.5 0.5 0.5 0 0.331 0.012 1.05 0.5 0.5 0.5 0.5 0 
0.331 0.012 -1.039 0.5 0.5 0.5 0.5 0 0.331 0.012 1.05 0.5 0.5 0.5 0.5 0 
0.331 0.012 -1.039 0.5 0.5 0.5 0.5 0 0.331 0.012 1.05 0.5 0.5 0.5 0.5 0 
0.331 0.012 -1.039 0.5 0.5 0.5 0.5 0 0.331 0.012 1.05 0.5 0.5 0.5 0.5 0 
0.331 0.012 -1.039 0.5 0.5 0.5 0.5 0 0.331 0.012 1.05 0.5 0.5 0.5 0.5 0 
0.331 0.012 -1.039 0.5 0.5 0.5 0.5 0 0.331 0.012 1.05 0.5 0.5 0.5 0.5 0 
0.331 0.012 -1.039 0.5 0.5 0.5 0.5 0 0.331 0.012 1.05 0.5 0.5 0.5 0.5 0 
0.331 0.012 -1.039 0.5 0.5 0.5 0.5 0 0.331 0.012 1.05 0.5 0.5 0.5 0.5 0 
0.331 0.012 -1.039 0.5 0.5 0.5 0.5 0 0.331 0.012 1.05 0.5 0.5 0.5 0.5 0 
0.331 0.012 -1.039 0.5 0.5 0.5 0.5 0 0.331 0.012 1.05 0.5 0.5 0.5 0.5 0 
0.331 0.012 -1.039 0.5 0.5 0.5 0.5 0 0.331 0.012 1.05 0.5 0.5 0.5 0.5 0 
0.331 0.012 -1.039 0.5 0.5 0.5 0.5 0 0.331 0.012 1.05 0.5 0.5 0.5 0.5 0 
0.331 0.012 -1.039 0.5 0.5 0.5 0.5 0 0.331 0.012 1.05 0.5 0.5 0.5 0.5 0 
0.331 0.012 -1.039 0.5 0.5 0.5 0.5 0 0.331 0.012 1.05 0.5 0.5 0.5 0.5 0 
0.331 0.012 -1.039 0.5 0.5 0.5 0.5 0 0.331 0.012 1.05 0.5 0.5 0.5 0.5 0 
0.331 0.012 -1.039 0.5 0.5 0.5 0.5 0 0.331 0.012 1.05 0.5 0.5 0.5 0.5 0 
0.331 0.012 -1.039 0.5 0.5 0.5 0.5 0 0.331 0.012 1.05 0.5 0.5 0.5 0.5 0 
0.331 0.012 -1.039 0.5 0.5 0.5 0.5 0 0.331 0.012 1.05 0.5 0.5 0.5 0.5 0 
0.331 0.012 -1.039 0.5 0.5 0.5 0.5 0 0.331 0.012 1.05 0.5 0.5 0.5 0.5 0 
0.331 0.012 -1.039 0.5 0.5 0.5 0.5 0 0.331 0.012 1.05 0.5 0.5 0.5 0.5 0 
0.331 0.012 -1.039 0.5 0.5 0.5 0.5 0 0.331 0.012 1.05 0.5 0.5 0.5 0.5 0 
0.331 0.012 -1.039 0.5 0.5 0.5 0.5 0 0.331 0.012 1.05 0.5 0.5 0.5 0.5 0 
0.331 0.012 -1.039 0.5 0.5 0.5 0.5 0 0.331 0.012 1.05 0.5 0.5 0.5 0.5 0 
0.331 0.012 -1.039 0.5 0.5 0.5 0.5 0 0.331 0.012 1.05 0.5 0.5 0.5 0.5 0 
0.331 0.012 -1.039 0.5 0.5 0.5 0.5 0 0.331 0.012 1.05 0.5 0.5 0.5 0.5 0 
0.331 0.012 -1.039 0.5 0.5 0.5 0.5 0 0.331 0.012 1.05 0.5 0.5 0.5 0.5 0 
0.331 0.012 -1.039 0.5 0.5 0.5 0.5 0 0.331 0.012 1.05 0.5 0.5 0.5 0.5 0 
0.331 0.012 -1.039 0.5 0.5 0.5 0.5 0 0.331 0.012 1.05 0.5 0.5 0.5 0.5 0 
0.331 0.012 -1.039 0.5 0.5 0.5 0.5 0 0.331 0.012 1.05 0.5 0.5 0.5 0.5 0 
0.331 0.012 -1.039 0.5 0.5 0.5 0.5 0 0.331 0.012 1.05 0.5 0.5 0.5 0.5 0 
0.331 0.012 -1.039 0.5 0.5 0.5 0.5 0 0.331 0.012 1.05 0.5 0.5 0.5 0.5 0 
0.331 0.012 -1.039 0.5 0.5 0.5 0.5 0 0.331 0.012 1.05 0.5 0.5 0.5 0.5 0 
0.331 0.012 -1.039 0.5 0.5 0.5 0.5 0 0.331 0.012 1.05 0.5 0.5 0.5 0.5 0 
0.331 0.012 -1.039 0.5 0.5 0.5 0.5 0 0.331 0.012 1.05 0.5 0.5 0.5 0.5 0 
0.331 0.012 -1.039 0.5 0.5 0.5 0.5 0 0.331 0.012 1.05 0.5 0.5 0.5 0.5 0 
0.331 0.012 -1.039 0.5 0.5 0.5 0.5 0 0.331 0.012 1.05 0.5 0.5 0.5 0.5 0 
0.331 0.012 -1.039 0.5 0.5 0.5 0.5 0 0.331 0.012 1.05 0.5 0.5 0.5 0.5 0 
0.331 0.012 -1.039 0.5 0.5 0.5 0.5 0 0.331 0.012 1.05 0.5 0.5 0.5 0.5 0 
0.331 0.012 -1.039 0.5 0.5 0.5 0.5 0 0.331 0.012 1.05 0.5 0.5 0.5 0.5 0 
0.331 0.012 -1.039 0.5 0.5 0.5 0.5 0 0.331 0.012 1.05 0.5 0.5 0.5 0.5 0 
0.331 0.012 -1.039 0.5 0.5 0.5 0.5 0 0.331 0.012 1.05 0.5 0.5 0.5 0.5 0 
0.331 0.012 -1.039 0.5 0.5 0.5 0.5 0 0.331 0.012 1.05 0.5 0.5 0.5 0.5 0 
0.331 0.012 -1.039 0.5 0.5 0.5 0.5 0 0.331 0.012 1.05 0.5 0.5 0.5 0.5 0 
0.331 0.012 -1.039 0.5 0.5 0.5 0.5 0 0.331 0.012 1.05 0.5 0.5 0.5 0.5 0 
0.331 0.012 -1.039 0.5 0.5 0.5 0.5 0 0.331 0.012 1.05 0.5 0.5 0.5 0.5 0 
0.331 0.012 -1.039 0.5 0.5 0.5 0.5 0 0.331 0.012 1.05 0.5 0.5 0.5 0.5 0 
0.331 0.012 -1.039 0.5 0.5 0.5 0.5 0 0.331 0.012 1.05 0.5 0.5 0.5 0.5 0 
0.331 0.012 -1.039 0.5 0.5 0.5 0.5 0 0.331 0.012 1.05 0.5 0.5 0.5 0.5 0 
0.331 0.012 -1.039 0.5 0.5 0.5 0.5 0 0.331 0.012 1.05 0.5 0.5 0.5 0.5 0 
0.331 0.012 -1.039 0.5 0.5 0.5 0.5 0 0.331 0.012 1.05 0.5 0.5 0.5 0.5 0 
0.331 0.012 -1.039 0.5 0.5 0.5 0.5 0 0.331 0.012 1.05 0.5 0.5 0.5 0.5 0 
0.331 0.012 -1.039 0.5 0.5 0.5 0.5 0 0.331 0.012 1.05 0.5 0.5 0.5 0.5 0 
0.331 0.012 -1.039 0.5 0.5 0.5 0.5 0 0.331 0.012 1.05 0.5 0.5 0.5 0.5 0 
0.331 0.012 -1.039 0.5 0.5 0.5 0.5 0 0.331 0.012 1.05 0.5 0.5 0.5 0.5 0 
0.331 0.012 -1.039 0.5 0.5 0.5 0.5 0 0.331 0.012 1.05 0.5 0.5 0.5 0.5 0 
0.331 0.012 -1.039 0.5 0.5 0.5 0.5 0 0.331 0.012 1.05 0.5 0.5 0.5 0.5 0 
0.331 0.012 -1.039 0.5 0.5 0.5 0.5 0 0.331 0.012 1.05 0.5 0.5 0.5 0.5 0 
0.331 0.012 -1.039 0.5 0.5 0.5 0.5 0 0.331 0.012 1.05 0.5 0.5 0.5 0.5 0 
0.331 0.012 -1.039 0.5 0.5 0.5 0.5 0 0.331 0.012 1.05 0.5 0.5 0.5 0.5 0 
0.331 0.012 -1.039 0.5 0.5 0.5 0.5 0 0.331 0.012 1.05 0.5 0.5 0.5 0.5 0 
0.331 0.012 -1.039 0.5 0.5 0.5 0.5 0 0.331 0.012 1.05 0.5 0.5 0.5 0.5 0 
0.331 0.012 -1.039 0.5 0.5 0.5 0.5 0 0.331 0.012 1.05 0.5 0.5 0.5 0.5 0 
0.331 0.012 -1.039 0.5 0.5 0.5 0.5 0 0.331 0.012 1.05 0.5 0.5 0.5 0.5 0 
0.331 0.012 -1.039 0.5 0.5 0.5 0.5 0 0.331 0.012 1.05 0.5 0.5 0.5 0.5 0 
0.331 0.012 -1.039 0.5 0.5 0.5 0.5 0 0.331 0.012 1.05 0.5 0.5 0.5 0.5 0 
0.331 0.012 -1.039 0.5 0.5 0.5 0.5 0 0.331 0.012 1.05 0.5 0.5 0.5 0.5 0 
0.331 0.012 -1.039 0.5 0.5 0.5 0.5 0 0.331 0.012 1.05 0.5 0.5 0.5 0.5 0 
0.331 0.012 -1.039 0.5 0.5 0.5 0.5 0 0.331 0.012 1.05 0.5 0.5 0.5 0.5 0 
0.331 0.012 -1.039 0.5 0.5 0.5 0.5 0 0.331 0.012 1.05 0.5 0.5 0.5 0.5 0 
0.331 0.012 -1.039 0.5 0.5 0.5 0.5 0 0.331 0.012 1.05 0.5 0.5 0.5 0.5 0 
0.331 0.012 -1.039 0.5 0.5 0.5 0.5 0 0.331 0.012 1.05 0.5 0.5 0.5 0.5 0 
0.331 0.012 -1.039 0.5 0.5 0.5 0.5 0 0.331 0.012 1.05 0.5 0.5 0.5 0.5 0 
0.331 0.012 -1.039 0.5 0.5 0.5 0.5 0 0.331 0.012 1.05 0.5 0.5 0.5 0.5 0 
0.331 0.012 -1.039 0.5 0.5 0.5 0.5 0 0.331 0.012 1.05 0.5 0.5 0.5 0.5 0 
0.331 0.012 -1.039 0.5 0.5 0.5 0.5 0 0.331 0.012 1.05 0.5 0.5 0.5 0.5 0 
0.331 0.012 -1.039 0.5 0.5 0.5 0.5 0 0.331 0.012 1.05 0.5 0.5 0.5 0.5 0 
0.331 0.012 -1.039 0.5 0.5 0.5 0.5 0 0.331 0.012 1.05 0.5 0.5 0.5 0.5 0 
0.331 0.012 -1.039 0.5 0.5 0.5 0.5 0 0.331 0.012 1.05 0.5 0.5 0.5 0.5 0 
0.331 0.012 -1.039 0.5 0.5 0.5 0.5 0 0.331 0.012 1.05 0.5 0.5 0.5 0.5 0 
0.331 0.012 -1.039 0.5 0.5 0.5 0.5 0 0.331 0.012 1.05 0.5 0.5 0.5 0.5 0 
0.331 0.012 -1.039 0.5 0.5 0.5 0.5 0 0.331 0.012 1.05 0.5 0.5 0.5 0.5 0 
0.331 0.012 -1.039 0.5 0.5 0.5 0.5 0 0.331 0.012 1.05 0.5 0.5 0.5 0.5 0 
0.331 0.012 -1.039 0.5 0.5 0.5 0.5 0 0.331 0.012 1.05 0.5 0.5 0.5 0.5 0 
0.331 0.012 -1.039 0.5 0.5 0.5 0.5 0 0.331 0.012 1.05 0.5 0.5 0.5 0.5 0 
0.331 0.012 -1.039 0.5 0.5 0.5 0.5 0 0.331 0.012 1.05 0.5 0.5 0.5 0.5 0 
0.331 0.012 -1.039 0.5 0.5 0.5 0.5 0 0.331 0.012 1.05 0.5 0.5 0.5 0.5 0 
0.331 0.012 -1.039 0.5 0.5 0.5 0.5 0 0.331 0.012 1.05 0.5 0.5 0.5 0.5 0 
0.331 0.012 -1.039 0.5 0.5 0.5 0.5 0 0.331 0.012 1.05 0.5 0.5 0.5 0.5 0 
0.331 0.012 -1.039 0.5 0.5 0.5 0.5 0 0.331 0.012 1.05 0.5 0.5 0.5 0.5 0 
0.331 0.012 -1.039 0.5 0.5 0.5 0.5 0 0.331 0.012 1.05 0.5 0.5 0.5 0.5 0 
0.331 0.012 -1.039 0.5 0.5 0.5 0.5 0 0.331 0.012 1.05 0.5 0.5 0.5 0.5 0 
0.331 0.012 -1.039 0.5 0.5 0.5 0.5 0 0.331 0.012 1.05 0.5 0.5 0.5 0.5 0 
0.331 0.012 -1.039 0.5 0.5 0.5 0.5 0 0.331 0.012 1.05 0.5 0.5 0.5 0.5 0 
0.331 0.012 -1.039 0.5 0.5 0.5 0.5 0 0.331 0.012 1.05 0.5 0.5 0.5 0.5 0 
0.331 0.012 -1.039 0.5 0.5 0.5 0.5 0 0.331 0.012 1.05 0.5 0.5 0.5 0.5 0 
0.331 0.012 -1.039 0.5 0.5 0.5 0.5 0 0.331 0.012 1.05 0.5 0.5 0.5 0.5 0 
0.331 0.012 -1.039 0.5 0.5 0.5 0.5 0 0.331 0.012 1.05 0.5 0.5 0.5 0.5 0 
0.331 0.012 -1.039 0.5 0.5 0.5 0.5 0 0.331 0.012 1.05 0.5 0.5 0.5 0.5 0 
0.331 0.012 -1.039 0.5 0.5 0.5 0.5 0 0.331 0.012 1.05 0.5 0.5 0.5 0.5 0 
0.331 0.012 -1.039 0.5 0.5 0.5 0.5 0 0.331 0.012 1.05 0.5 0.5 0.5 0.5 0 
0.331 0.012 -1.039 0.5 0.5 0.5 0.5 0 0.331 0.012 1.05 0.5 0.5 0.5 0.5 0 
0.331 0.012 -1.039 0.5 0.5 0.5 0.5 0 0.331 0.012 1.05 0.5 0.5 0.5 0.5 0 
0.331 0.012 -1.039 0.5 0.5 0.5 0.5 0 0.331 0.012 1.05 0.5 0.5 0.5 0.5 0 
0.331 0.012 -1.039 0.5 0.5 0.5 0.5 0 0.331 0.012 1.05 0.5 0.5 0.5 0.5 0 
0.331 0.012 -1.039 0.5 0.5 0.5 0.5 0 0.331 0.012 1.05 0.5 0.5 0.5 0.5 0 
0.331 0.012 -1.039 0.5 0.5 0.5 0.5 0 0.331 0.012 1.05 0.5 0.5 0.5 0.5 0 
0.331 0.012 -1.039 0.5 0.5 0.5 0.5 0 0.331 0.012 1.05 0.5 0.5 0.5 0.5 0 
0.331 0.012 -1.039 0.5 0.5 0.5 0.5 0 0.331 0.012 1.05 0.5 0.5 0.5 0.5 0 
0.331 0.012 -1.039 0.5 0.5 0.5 0.5 0 0.331 0.012 1.05 0.5 0.5 0.5 0.5 0 
0.331 0.012 -1.039 0.5 0.5 0.5 0.5 0 0.331 0.012 1.05 0.5 0.5 0.5 0.5 0 
0.331 0.012 -1.039 0.5 0.5 0.5 0.5 0 0.331 0.012 1.05 0.5 0.5 0.5 0.5 0 
0.331 0.012 -1.039 0.5 0.5 0.5 0.5 0 0.331 0.012 1.05 0.5 0.5 0.5 0.5 0 
0.331 0.012 -1.039 0.5 0.5 0.5 0.5 0 0.331 0.012 1.05 0.5 0.5 0.5 0.5 0 
0.331 0.012 -1.039 0.5 0.5 0.5 0.5 0 0.331 0.012 1.05 0.5 0.5 0.5 0.5 0 
0.331 0.012 -1.039 0.5 0.5 0.5 0.5 0 0.331 0.012 1.05 0.5 0.5 0.5 0.5 0 
0.331 0.012 -1.039 0.5 0.5 0.5 0.5 0 0.331 0.012 1.05 0.5 0.5 0.5 0.5 0 
0.331 0.012 -1.039 0.5 0.5 0.5 0.5 0 0.331 0.012 1.05 0.5 0.5 0.5 0.5 0 
0.331 0.012 -1.039 0.5 0.5 0.5 0.5 0 0.331 0.012 1.05 0.5 0.5 0.5 0.5 0 
0.331 0.012 -1.039 0.5 0.5 0.5 0.5 0 0.331 0.012 1.05 0.5 0.5 0.5 0.5 0 
0.331 0.012 -1.039 0.5 0.5 0.5 0.5 0 0.331 0.012 1.05 0.5 0.5 0.5 0.5 0 
0.331 0.012 -1.039 0.5 0.5 0.5 0.5 0 0.331 0.012 1.05 0.5 0.5 0.5 0.5 0 
0.331 0.012 -1.039 0.5 0.5 0.5 0.5 0 0.331 0.012 1.05 0.5 0.5 0.5 0.5 0 
0.331 0.012 -1.039 0.5 0.5 0.5 0.5 0 0.331 0.012 1.05 0.5 0.5 0.5 0.5 0 
0.331 0.012 -1.039 0.5 0.5 0.5 0.5 0 0.331 0.012 1.05 0.5 0.5 0.5 0.5 0 
0.331 0.012 -1.039 0.5 0.5 0.5 0.5 0 0.331 0.012 1.05 0.5 0.5 0.5 0.5 0 
0.331 0.012 -1.039 0.5 0.5 0.5 0.5 0 0.331 0.012 1.05 0.5 0.5 0.5 0.5 0 
0.331 0.012 -1.039 0.5 0.5 0.5 0.5 0 0.331 0.012 1.05 0.5 0.5 0.5 0.5 0 
0.331 0.012 -1.039 0.5 0.5 0.5 0.5 0 0.331 0.012 1.05 0.5 0.5 0.5 0.5 0 
0.331 0.012 -1.039 0.5 0.5 0.5 0.5 0 0.331 0.012 1.05 0.5 0.5 0.5 0.5 0 
0.331 0.012 -1.039 0.5 0.5 0.5 0.5 0 0.331 0.012 1.05 0.5 0.5 0.5 0.5 0 
0.331 0.012 -1.039 0.5 0.5 0.5 0.5 0 0.331 0.012 1.05 0.5 0.5 0.5 0.5 0 
0.331 0.012 -1.039 0.5 0.5 0.5 0.5 0 0.331 0.012 1.05 0.5 0.5 0.5 0.5 0 
0.331 0.012 -1.039 0.5 0.5 0.5 0.5 0 0.331 0.012 1.05 0.5 0.5 0.5 0.5 0 
0.331 0.012 -1.039 0.5 0.5 0.5 0.5 0 0.331 0.012 1.05 0.5 0.5 0.5 0.5 0 
0.331 0.012 -1.039 0.5 0.5 0.5 0.5 0 0.331 0.012 1.05 0.5 0.5 0.5 0.5 0 
0.331 0.012 -1.039 0.5 0.5 0.5 0.5 0 0.331 0.012 1.05 0.5 0.5 0.5 0.5 0 
0.331 0.012 -1.039 0.5 0.5 0.5 0.5 0 0.331 0.012 1.05 0.5 0.5 0.5 0.5 0 
0.331 0.012 -1.039 0.5 0.5 0.5 0.5 0 0.331 0.012 1.05 0.5 0.5 0.5 0.5 0 
0.331 0.012 -1.039 0.5 0.5 0.5 0.5 0 0.331 0.012 1.05 0.5 0.5 0.5 0.5 0 
0.331 0.012 -1.039 0.5 0.5 0.5 0.5 0 0.331 0.012 1.05 0.5 0.5 0.5 0.5 0 
0.331 0.012 -1.039 0.5 0.5 0.5 0.5 0 0.331 0.012 1.05 0.5 0.5 0.5 0.5 0 
0.331 0.012 -1.039 0.5 0.5 0.5 0.5 0 0.331 0.012 1.05 0.5 0.5 0.5 0.5 0 
0.331 0.012 -1.039 0.5 0.5 0.5 0.5 0 0.331 0.012 1.05 0.5 0.5 0.5 0.5 0 
0.331 0.012 -1.039 0.5 0.5 0.5 0.5 0 0.331 0.012 1.05 0.5 0.5 0.5 0.5 0 
0.331 0.012 -1.039 0.5 0.5 0.5 0.5 0 0.331 0.012 1.05 0.5 0.5 0.5 0.5 0 
0.331 0.012 -1.039 0.5 0.5 0.5 0.5 0 0.331 0.012 1.05 0.5 0.5 0.5 0.5 0 
0.331 0.012 -1.039 0.5 0.5 0.5 0.5 0 0.331 0.012 1.05 0.5 0.5 0.5 0.5 0 
0.331 0.012 -1.039 0.5 0.5 0.5 0.5 0 0.331 0.012 1.05 0.5 0.5 0.5 0.5 0 
0.331 0.012 -1.039 0.5 0.5 0.5 0.5 0 0.331 0.012 1.05 0.5 0.5 0.5 0.5 0 
0.331 0.012 -1.039 0.5 0.5 0.5 0.5 0 0.331 0.012 1.05 0.5 0.5 0.5 0.5 0 
0.331 0.012 -1.039 0.5 0.5 0.5 0.5 0 0.331 0.012 1.05 0.5 0.5 0.5 0.5 0 
0.331 0.012 -1.039 0.5 0.5 0.5 0.5 0 0.331 0.012 1.05 0.5 0.5 0.5 0.5 0 
0.331 0.012 -1.039 0.5 0.5 0.5 0.5 0 0.331 0.012 1.05 0.5 0.5 0.5 0.5 0 
0.331 0.012 -1.039 0.5 0.5 0.5 0.5 0 0.331 0.012 1.05 0.5 0.5 0.5 0.5 0 
0.331 0.012 -1.039 0.5 0.5 0.5 0.5 0 0.331 0.012 1.05 0.5 0.5 0.5 0.5 0 
0.331 0.012 -1.039 0.5 0.5 0.5 0.5 0 0.331 0.012 1.05 0.5 0.5 0.5 0.5 0 
0.331 0.012 -1.039 0.5 0.5 0.5 0.5 0 0.331 0.012 1.05 0.5 0.5 0.5 0.5 0 
0.331 0.012 -1.039 0.5 0.5 0.5 0.5 0 0.331 0.012 1.05 0.5 0.5 0.5 0.5 0 
0.331 0.012 -1.039 0.5 0.5 0.5 0.5 0 0.331 0.012 1.05 0.5 0.5 0.5 0.5 0 
0.331 0.012 -1.039 0.5 0.5 0.5 0.5 0 0.331 0.012 1.05 0.5 0.5 0.5 0.5 0 
0.331 0.012 -1.039 0.5 0.5 0.5 0.5 0 0.331 0.012 1.05 0.5 0.5 0.5 0.5 0 
0.331 0.012 -1.039 0.5 0.5 0.5 0.5 0 0.331 0.012 1.05 0.5 0.5 0.5 0.5 0 
0.331 0.012 -1.039 0.5 0.5 0.5 0.5 0 0.331 0.012 1.05 0.5 0.5 0.5 0.5 0 
0.331 0.012 -1.039 0.5 0.5 0.5 0.5 0 0.331 0.012 1.05 0.5 0.5 0.5 0.5 0 
0.331 0.012 -1.039 0.5 0.5 0.5 0.5 0 0.331 0.012 1.05 0.5 0.5 0.5 0.5 0 
0.331 0.012 -1.039 0.5 0.5 0.5 0.5 0 0.331 0.012 1.05 0.5 0.5 0.5 0.5 0 
0.331 0.012 -1.039 0.5 0.5 0.5 0.5 0 0.331 0.012 1.05 0.5 0.5 0.5 0.5 0 
0.331 0.012 -1.039 0.5 0.5 0.5 0.5 0 0.331 0.012 1.05 0.5 0.5 0.5 0.5 0 
0.331 0.012 -1.039 0.5 0.5 0.5 0.5 0 0.331 0.012 1.05 0.5 0.5 0.5 0.5 0 
0.331 0.012 -1.039 0.5 0.5 0.5 0.5 0 0.331 0.012 1.05 0.5 0.5 0.5 0.5 0 
0.331 0.012 -1.039 0.5 0.5 0.5 0.5 0 0.331 0.012 1.05 0.5 0.5 0.5 0.5 0 
0.331 0.012 -1.039 0.5 0.5 0.5 0.5 0 0.331 0.012 1.05 0.5 0.5 0.5 0.5 0 
0.331 0.012 -1.039 0.5 0.5 0.5 0.5 0 0.331 0.012 1.05 0.5 0.5 0.5 0.5 0 
0.331 0.012 -1.039 0.5 0.5 0.5 0.5 0 0.331 0.012 1.05 0.5 0.5 0.5 0.5 0 
0.331 0.012 -1.039 0.5 0.5 0.5 0.5 0 0.331 0.012 1.05 0.5 0.5 0.5 0.5 0 
0.331 0.012 -1.039 0.5 0.5 0.5 0.5 0 0.331 0.012 1.05 0.5 0.5 0.5 0.5 0 
0.331 0.012 -1.039 0.5 0.5 0.5 0.5 0 0.331 0.012 1.05 0.5 0.5 0.5 0.5 0 
0.331 0.012 -1.039 0.5 0.5 0.5 0.5 0 0.331 0.012 1.05 0.5 0.5 0.5 0.5 0 
0.331 0.012 -1.039 0.5 0.5 0.5 0.5 0 0.331 0.012 1.05 0.5 0.5 0.5 0.5 0 
0.331 0.012 -1.039 0.5 0.5 0.5 0.5 0 0.331 0.012 1.05 0.5 0.5 0.5 0.5 0 
0.331 0.012 -1.039 0.5 0.5 0.5 0.5 0 0.331 0.012 1.05 0.5 0.5 0.5 0.5 0 
0.331 0.012 -1.039 0.5 0.5 0.5 0.5 0 0.331 0.012 1.05 0.5 0.5 0.5 0.5 0 
0.331 0.012 -1.039 0.5 0.5 0.5 0.5 0 0.331 0.012 1.05 0.5 0.5 0.5 0.5 0 
0.331 0.012 -1.039 0.5 0.5 0.5 0.5 0 0.331 0.012 1.05 0.5 0.5 0.5 0.5 0 
0.331 0.012 -1.039 0.5 0.5 0.5 0.5 0 0.331 0.012 1.05 0.5 0.5 0.5 0.5 0 
0.331 0.012 -1.039 0.5 0.5 0.5 0.5 0 0.331 0.012 1.05 0.5 0.5 0.5 0.5 0 
0.331 0.012 -1.039 0.5 0.5 0.5 0.5 0 0.331 0.012 1.05 0.5 0.5 0.5 0.5 0 
0.331 0.012 -1.039 0.5 0.5 0.5 0.5 0 0.331 0.012 1.05 0.5 0.5 0.5 0.5 0 
0.331 0.012 -1.039 0.5 0.5 0.5 0.5 0 0.331 0.012 1.05 0.5 0.5 0.5 0.5 0 
0.331 0.012 -1.039 0.5 0.5 0.5 0.5 0 0.331 0.012 1.05 0.5 0.5 0.5 0.5 0 
0.331 0.012 -1.039 0.5 0.5 0.5 0.5 0 0.331 0.012 1.05 0.5 0.5 0.5 0.5 0 
0.331 0.012 -1.039 0.5 0.5 0.5 0.5 0 0.331 0.012 1.05 0.5 0.5 0.5 0.5 0 
0.331 0.012 -1.039 0.5 0.5 0.5 0.5 0 0.331 0.012 1.05 0.5 0.5 0.5 0.5 0 
0.331 0.012 -1.039 0.5 0.5 0.5 0.5 0 0.331 0.012 1.05 0.5 0.5 0.5 0.5 0 
0.331 0.012 -1.039 0.5 0.5 0.5 0.5 0 0.331 0.012 1.05 0.5 0.5 0.5 0.5 0 
0.331 0.012 -1.039 0.5 0.5 0.5 0.5 0 0.331 0.012 1.05 0.5 0.5 0.5 0.5 0 
0.331 0.012 -1.039 0.5 0.5 0.5 0.5 0 0.331 0.012 1.05 0.5 0.5 0.5 0.5 0 
0.331 0.012 -1.039 0.5 0.5 0.5 0.5 0 0.331 0.012 1.05 0.5 0.5 0.5 0.5 0 
0.331 0.012 -1.039 0.5 0.5 0.5 0.5 0 0.331 0.012 1.05 0.5 0.5 0.5 0.5 0 
0.331 0.012 -1.039 0.5 0.5 0.5 0.5 0 0.331 0.012 1.05 0.5 0.5 0.5 0.5 0 
0.331 0.012 -1.039 0.5 0.5 0.5 0.5 0 0.331 0.012 1.05 0.5 0.5 0.5 0.5 0 
0.331 0.012 -1.039 0.5 0.5 0.5 0.5 0 0.331 0.012 1.05 0.5 0.5 0.5 0.5 0 
0.331 0.012 -1.039 0.5 0.5 0.5 0.5 0 0.331 0.012 1.05 0.5 0.5 0.5 0.5 0 
0.331 0.012 -1.039 0.5 0.5 0.5 0.5 0 0.331 0.012 1.05 0.5 0.5 0.5 0.5 0 
0.331 0.012 -1.039 0.5 0.5 0.5 0.5 0 0.331 0.012 1.05 0.5 0.5 0.5 0.5 0 
0.331 0.012 -1.039 0.5 0.5 0.5 0.5 0 0.331 0.012 1.05 0.5 0.5 0.5 0.5 0 
0.331 0.012 -1.039 0.5 0.5 0.5 0.5 0 0.331 0.012 1.05 0.5 0.5 0.5 0.5 0 
0.331 0.012 -1.039 0.5 0.5 0.5 0.5 0 0.331 0.012 1.05 0.5 0.5 0.5 0.5 0 
0.331 0.012 -1.039 0.5 0.5 0.5 0.5 0 0.331 0.012 1.05 0.5 0.5 0.5 0.5 0 
0.331 0.012 -1.039 0.5 0.5 0.5 0.5 0 0.331 0.012 1.05 0.5 0.5 0.5 0.5 0 
0.331 0.012 -1.039 0.5 0.5 0.5 0.5 0 0.331 0.012 1.05 0.5 0.5 0.5 0.5 0 
0.331 0.012 -1.039 0.5 0.5 0.5 0.5 0 0.331 0.012 1.05 0.5 0.5 0.5 0.5 0 
0.331 0.012 -1.039 0.5 0.5 0.5 0.5 0 0.331 0.012 1.05 0.5 0.5 0.5 0.5 0 
0.331 0.012 -1.039 0.5 0.5 0.5 0.5 0 0.331 0.012 1.05 0.5 0.5 0.5 0.5 0 
0.331 0.012 -1.039 0.5 0.5 0.5 0.5 0 0.331 0.012 1.05 0.5 0.5 0.5 0.5 0 
0.331 0.012 -1.039 0.5 0.5 0.5 0.5 0 0.331 0.012 1.05 0.5 0.5 0.5 0.5 0 
0.331 0.012 -1.039 0.5 0.5 0.5 0.5 0 0.331 0.012 1.05 0.5 0.5 0.5 0.5 0 
0.331 0.012 -1.039 0.5 0.5 0.5 0.5 0 0.331 0.012 1.05 0.5 0.5 0.5 0.5 0 
0.331 0.012 -1.039 0.5 0.5 0.5 0.5 0 0.331 0.012 1.05 0.5 0.5 0.5 0.5 0 
0.331 0.012 -1.039 0.5 0.5 0.5 0.5 0 0.331 0.012 1.05 0.5 0.5 0.5 0.5 0 
0.331 0.012 -1.039 0.5 0.5 0.5 0.5 0 0.331 0.012 1.05 0.5 0.5 0.5 0.5 0 
0.331 0.012 -1.039 0.5 0.5 0.5 0.5 0 0.331 0.012 1.05 0.5 0.5 0.5 0.5 0 
0.331 0.012 -1.039 0.5 0.5 0.5 0.5 0 0.331 0.012 1.05 0.5 0.5 0.5 0.5 0 
0.331 0.012 -1.039 0.5 0.5 0.5 0.5 0 0.331 0.012 1.05 0.5 0.5 0.5 0.5 0 
0.331 0.012 -1.039 0.5 0.5 0.5 0.5 0 0.331 0.012 1.05 0.5 0.5 0.5 0.5 0 
0.331 0.012 -1.039 0.5 0.5 0.5 0.5 0 0.331 0.012 1.05 0.5 0.5 0.5 0.5 0 
0.331 0.012 -1.039 0.5 0.5 0.5 0.5 0 0.331 0.012 1.05 0.5 0.5 0.5 0.5 0 
0.331 0.012 -1.039 0.5 0.5 0.5 0.5 0 0.331 0.012 1.05 0.5 0.5 0.5 0.5 0 
0.331 0.012 -1.039 0.5 0.5 0.5 0.5 0 0.331 0.012 1.05 0.5 0.5 0.5 0.5 0 
0.331 0.012 -1.039 0.5 0.5 0.5 0.5 0 0.331 0.012 1.05 0.5 0.5 0.5 0.5 0 
0.331 0.012 -1.039 0.5 0.5 0.5 0.5 0 0.331 0.012 1.05 0.5 0.5 0.5 0.5 0 
0.331 0.012 -1.039 0.5 0.5 0.5 0.5 0 0.331 0.012 1.05 0.5 0.5 0.5 0.5 0 
0.331 0.012 -1.039 0.5 0.5 0.5 0.5 0 0.331 0.012 1.05 0.5 0.5 0.5 0.5 0 
0.331 0.012 -1.039 0.5 0.5 0.5 0.5 0 0.331 0.012 1.05 0.5 0.5 0.5 0.5 0 
0.331 0.012 -1.039 0.5 0.5 0.5 0.5 0 0.331 0.012 1.05 0.5 0.5 0.5 0.5 0 
0.331 0.012 -1.039 0.5 0.5 0.5 0.5 0 0.331 0.012 1.05 0.5 0.5 0.5 0.5 0 
0.331 0.012 -1.039 0.5 0.5 0.5 0.5 0 0.331 0.012 1.05 0.5 0.5 0.5 0.5 0 
0.331 0.012 -1.039 0.5 0.5 0.5 0.5 0 0.331 0.012 1.05 0.5 0.5 0.5 0.5 0 
0.331 0.012 -1.039 0.5 0.5 0.5 0.5 0 0.331 0.012 1.05 0.5 0.5 0.5 0.5 0 
0.331 0.012 -1.039 0.5 0.5 0.5 0.5 0 0.331 0.012 1.05 0.5 0.5 0.5 0.5 0 
0.331 0.012 -1.039 0.5 0.5 0.5 0.5 0 0.331 0.012 1.05 0.5 0.5 0.5 0.5 0 
0.331 0.012 -1.039 0.5 0.5 0.5 0.5 0 0.331 0.012 1.05 0.5 0.5 0.5 0.5 0 
0.331 0.012 -1.039 0.5 0.5 0.5 0.5 0 0.331 0.012 1.05 0.5 0.5 0.5 0.5 0 
0.331 0.012 -1.039 0.5 0.5 0.5 0.5 0 0.331 0.012 1.05 0.5 0.5 0.5 0.5 0 
0.331 0.012 -1.039 0.5 0.5 0.5 0.5 0 0.331 0.012 1.05 0.5 0.5 0.5 0.5 0 
0.331 0.012 -1.039 0.5 0.5 0.5 0.5 0 0.331 0.012 1.05 0.5 0.5 0.5 0.5 0 
0.331 0.012 -1.039 0.5 0.5 0.5 0.5 0 0.331 0.012 1.05 0.5 0.5 0.5 0.5 0 
0.331 0.012 -1.039 0.5 0.5 0.5 0.5 0 0.331 0.012 1.05 0.5 0.5 0.5 0.5 0 
0.331 0.012 -1.039 0.5 0.5 0.5 0.5 0 0.331 0.012 1.05 0.5 0.5 0.5 0.5 0 
0.331 0.012 -1.039 0.5 0.5 0.5 0.5 0 0.331 0.012 1.05 0.5 0.5 0.5 0.5 0 
0.331 0.012 -1.039 0.5 0.5 0.5 0.5 0 0.331 0.012 1.05 0.5 0.5 0.5 0.5 0 
0.331 0.012 -1.039 0.5 0.5 0.5 0.5 0 0.331 0.012 1.05 0.5 0.5 0.5 0.5 0 
0.331 0.012 -1.039 0.5 0.5 0.5 0.5 0 0.331 0.012 1.05 0.5 0.5 0.5 0.5 0 
0.331 0.012 -1.039 0.5 0.5 0.5 0.5 0 0.331 0.012 1.05 0.5 0.5 0.5 0.5 0 
0.331 0.012 -1.039 0.5 0.5 0.5 0.5 0 0.331 0.012 1.05 0.5 0.5 0.5 0.5 0 
0.331 0.012 -1.039 0.5 0.5 0.5 0.5 0 0.331 0.012 1.05 0.5 0.5 0.5 0.5 0 
0.331 0.012 -1.039 0.5 0.5 0.5 0.5 0 0.331 0.012 1.05 0.5 0.5 0.5 0.5 0 
0.331 0.012 -1.039 0.5 0.5 0.5 0.5 0 0.331 0.012 1.05 0.5 0.5 0.5 0.5 0 
0.331 0.012 -1.039 0.5 0.5 0.5 0.5 0 0.331 0.012 1.05 0.5 0.5 0.5 0.5 0 
0.331 0.012 -1.039 0.5 0.5 0.5 0.5 0 0.331 0.012 1.05 0.5 0.5 0.5 0.5 0 
0.331 0.012 -1.039 0.5 0.5 0.5 0.5 0 0.331 0.012 1.05 0.5 0.5 0.5 0.5 0 
0.331 0.012 -1.039 0.5 0.5 0.5 0.5 0 0.331 0.012 1.05 0.5 0.5 0.5 0.5 0 
0.331 0.012 -1.039 0.5 0.5 0.5 0.5 0 0.331 0.012 1.05 0.5 0.5 0.5 0.5 0 
0.331 0.012 -1.039 0.5 0.5 0.5 0.5 0 0.331 0.012 1.05 0.5 0.5 0.5 0.5 0 
0.331 0.012 -1.039 0.5 0.5 0.5 0.5 0 0.331 0.012 1.05 0.5 0.5 0.5 0.5 0 
0.331 0.012 -1.039 0.5 0.5 0.5 0.5 0 0.331 0.012 1.05 0.5 0.5 0.5 0.5 0 
0.331 0.012 -1.039 0.5 0.5 0.5 0.5 0 0.331 0.012 1.05 0.5 0.5 0.5 0.5 0 
0.331 0.012 -1.039 0.5 0.5 0.5 0.5 0 0.331 0.012 1.05 0.5 0.5 0.5 0.5 0 
0.331 0.012 -1.039 0.5 0.5 0.5 0.5 0 0.331 0.012 1.05 0.5 0.5 0.5 0.5 0 
0.331 0.012 -1.039 0.5 0.5 0.5 0.5 0 0.331 0.012 1.05 0.5 0.5 0.5 0.5 0 
0.331 0.012 -1.039 0.5 0.5 0.5 0.5 0 0.331 0.012 1.05 0.5 0.5 0.5 0.5 0 
0.331 0.012 -1.039 0.5 0.5 0.5 0.5 0 0.331 0.012 1.05 0.5 0.5 0.5 0.5 0 
0.331 0.012 -1.039 0.5 0.5 0.5 0.5 0 0.331 0.012 1.05 0.5 0.5 0.5 0.5 0 
0.331 0.012 -1.039 0.5 0.5 0.5 0.5 0 0.331 0.012 1.05 0.5 0.5 0.5 0.5 0 
0.331 0.012 -1.039 0.5 0.5 0.5 0.5 0 0.331 0.012 1.05 0.5 0.5 0.5 0.5 0 
0.331 0.012 -1.039 0.5 0.5 0.5 0.5 0 0.331 0.012 1.05 0.5 0.5 0.5 0.5 0 
0.331 0.012 -1.039 0.5 0.5 0.5 0.5 0 0.331 0.012 1.05 0.5 0.5 0.5 0.5 0 
0.331 0.012 -1.039 0.5 0.5 0.5 0.5 0 0.331 0.012 1.05 0.5 0.5 0.5 0.5 0 
0.331 0.012 -1.039 0.5 0.5 0.5 0.5 0 0.331 0.012 1.05 0.5 0.5 0.5 0.5 0 
0.331 0.012 -1.039 0.5 0.5 0.5 0.5 0 0.331 0.012 1.05 0.5 0.5 0.5 0.5 0 
0.331 0.012 -1.039 0.5 0.5 0.5 0.5 0 0.331 0.012 1.05 0.5 0.5 0.5 0.5 0 
0.331 0.012 -1.039 0.5 0.5 0.5 0.5 0 0.331 0.012 1.05 0.5 0.5 0.5 0.5 0 
0.331 0.012 -1.039 0.5 0.5 0.5 0.5 0 0.331 0.012 1.05 0.5 0.5 0.5 0.5 0 
0.331 0.012 -1.039 0.5 0.5 0.5 0.5 0 0.331 0.012 1.05 0.5 0.5 0.5 0.5 0 
0.331 0.012 -1.039 0.5 0.5 0.5 0.5 0 0.331 0.012 1.05 0.5 0.5 0.5 0.5 0 
0.331 0.012 -1.039 0.5 0.5 0.5 0.5 0 0.331 0.012 1.05 0.5 0.5 0.5 0.5 0 
0.331 0.012 -1.039 0.5 0.5 0.5 0.5 0 0.331 0.012 1.05 0.5 0.5 0.5 0.5 0 
0.331 0.012 -1.039 0.5 0.5 0.5 0.5 0 0.331 0.012 1.05 0.5 0.5 0.5 0.5 0 
0.331 0.012 -1.039 0.5 0.5 0.5 0.5 0 0.331 0.012 1.05 0.5 0.5 0.5 0.5 0 
0.331 0.012 -1.039 0.5 0.5 0.5 0.5 0 0.331 0.012 1.05 0.5 0.5 0.5 0.5 0 
0.331 0.012 -1.039 0.5 0.5 0.5 0.5 0 0.331 0.012 1.05 0.5 0.5 0.5 0.5 0 
0.331 0.012 -1.039 0.5 0.5 0.5 0.5 0 0.331 0.012 1.05 0.5 0.5 0.5 0.5 0 
0.331 0.012 -1.039 0.5 0.5 0.5 0.5 0 0.331 0.012 1.05 0.5 0.5 0.5 0.5 0 
0.331 0.012 -1.039 0.5 0.5 0.5 0.5 0 0.331 0.012 1.05 0.5 0.5 0.5 0.5 0 
0.331 0.012 -1.039 0.5 0.5 0.5 0.5 0 0.331 0.012 1.05 0.5 0.5 0.5 0.5 0 
0.331 0.012 -1.039 0.5 0.5 0.5 0.5 0 0.331 0.012 1.05 0.5 0.5 0.5 0.5 0 
0.331 0.012 -1.039 0.5 0.5 0.5 0.5 0 0.331 0.012 1.05 0.5 0.5 0.5 0.5 0 
0.331 0.012 -1.039 0.5 0.5 0.5 0.5 0 0.331 0.012 1.05 0.5 0.5 0.5 0.5 0 
0.331 0.012 -1.039 0.5 0.5 0.5 0.5 0 0.331 0.012 1.05 0.5 0.5 0.5 0.5 0 
0.331 0.012 -1.039 0.5 0.5 0.5 0.5 0 0.331 0.012 1.05 0.5 0.5 0.5 0.5 0 
0.331 0.012 -1.039 0.5 0.5 0.5 0.5 0 0.331 0.012 1.05 0.5 0.5 0.5 0.5 0 
0.331 0.012 -1.039 0.5 0.5 0.5 0.5 0 0.331 0.012 1.05 0.5 0.5 0.5 0.5 0 
0.331 0.012 -1.039 0.5 0.5 0.5 0.5 0 0.331 0.012 1.05 0.5 0.5 0.5 0.5 0 
0.331 0.012 -1.039 0.5 0.5 0.5 0.5 0 0.331 0.012 1.05 0.5 0.5 0.5 0.5 0 
0.331 0.012 -1.039 0.5 0.5 0.5 0.5 0 0.331 0.012 1.05 0.5 0.5 0.5 0.5 0 
0.331 0.012 -1.039 0.5 0.5 0.5 0.5 0 0.331 0.012 1.05 0.5 0.5 0.5 0.5 0 
0.331 0.012 -1.039 0.5 0.5 0.5 0.5 0 0.331 0.012 1.05 0.5 0.5 0.5 0.5 0 
0.331 0.012 -1.039 0.5 0.5 0.5 0.5 0 0.331 0.012 1.05 0.5 0.5 0.5 0.5 0 
0.331 0.012 -1.039 0.5 0.5 0.5 0.5 0 0.331 0.012 1.05 0.5 0.5 0.5 0.5 0 
0.331 0.012 -1.039 0.5 0.5 0.5 0.5 0 0.331 0.012 1.05 0.5 0.5 0.5 0.5 0 
0.331 0.012 -1.039 0.5 0.5 0.5 0.5 0 0.331 0.012 1.05 0.5 0.5 0.5 0.5 0 
0.331 0.012 -1.039 0.5 0.5 0.5 0.5 0 0.331 0.012 1.05 0.5 0.5 0.5 0.5 0 
0.331 0.012 -1.039 0.5 0.5 0.5 0.5 0 0.331 0.012 1.05 0.5 0.5 0.5 0.5 0 
0.331 0.012 -1.039 0.5 0.5 0.5 0.5 0 0.331 0.012 1.05 0.5 0.5 0.5 0.5 0 
0.331 0.012 -1.039 0.5 0.5 0.5 0.5 0 0.331 0.012 1.05 0.5 0.5 0.5 0.5 0 
0.331 0.012 -1.039 0.5 0.5 0.5 0.5 0 0.331 0.012 1.05 0.5 0.5 0.5 0.5 0 
0.331 0.012 -1.039 0.5 0.5 0.5 0.5 0 0.331 0.012 1.05 0.5 0.5 0.5 0.5 0 
0.331 0.012 -1.039 0.5 0.5 0.5 0.5 0 0.331 0.012 1.05 0.5 0.5 0.5 0.5 0 
0.331 0.012 -1.039 0.5 0.5 0.5 0.5 0 0.331 0.012 1.05 0.5 0.5 0.5 0.5 0 
0.331 0.012 -1.039 0.5 0.5 0.5 0.5 0 0.331 0.012 1.05 0.5 0.5 0.5 0.5 0 
0.331 0.012 -1.039 0.5 0.5 0.5 0.5 0 0.331 0.012 1.05 0.5 0.5 0.5 0.5 0 
0.331 0.012 -1.039 0.5 0.5 0.5 0.5 0 0.331 0.012 1.05 0.5 0.5 0.5 0.5 0 
0.331 0.012 -1.039 0.5 0.5 0.5 0.5 0 0.331 0.012 1.05 0.5 0.5 0.5 0.5 0 
0.331 0.012 -1.039 0.5 0.5 0.5 0.5 0 0.331 0.012 1.05 0.5 0.5 0.5 0.5 0 
0.331 0.012 -1.08 0.5 0.5 0.5 0.5 0 0.331 0.012 1.05 0.5 0.5 0.5 0.5 0 
0.331 0.012 -1.15 0.5 0.5 0.5 0.5 0 0.331 0.012 1.05 0.5 0.5 0.5 0.5 0 
0.331 0.012 -1.27 0.5 0.5 0.5 0.5 0 0.331 0.012 1.05 0.5 0.5 0.5 0.5 0 
0.331 0.012 -1.45 0.5 0.5 0.5 0.5 0 0.331 0.012 1.05 0.5 0.5 0.5 0.5 0 
0.331 0.012 -1.53 0.5 0.5 0.5 0.5 0 0.331 0.012 1.05 0.5 0.5 0.5 0.5 0 
0.331 0.012 -1.68 0.5 0.5 0.5 0.5 0 0.331 0.012 1.05 0.5 0.5 0.5 0.5 0 
0.331 0.012 -1.83 0.5 0.5 0.5 0.5 0 0.331 0.012 1.05 0.5 0.5 0.5 0.5 0 
0.331 0.012 -1.94 0.5 0.5 0.5 0.5 0 0.331 0.012 1.05 0.5 0.5 0.5 0.5 0 
0.331 0.012 -2.02 0.5 0.5 0.5 0.5 0 0.331 0.012 1.05 0.5 0.5 0.5 0.5 0 
0.331 0.012 -2.09 0.5 0.5 0.5 0.5 0 0.331 0.012 1.05 0.5 0.5 0.5 0.5 0 
0.331 0.012 -2.28 0.5 0.5 0.5 0.5 0 0.331 0.012 1.05 0.5 0.5 0.5 0.5 0 
0.331 0.012 -2.35 0.5 0.5 0.5 0.5 0 0.331 0.012 1.05 0.5 0.5 0.5 0.5 0 
0.331 0.012 -2.39 0.5 0.5 0.5 0.5 0 0.331 0.012 1.05 0.5 0.5 0.5 0.5 0 
0.331 0.012 -2.43 0.5 0.5 0.5 0.5 0 0.331 0.012 1.05 0.5 0.5 0.5 0.5 0 
0.331 0.012 -2.43 0.5 0.5 0.5 0.5 0 0.331 0.012 1.05 0.5 0.5 0.5 0.5 0 
0.331 0.012 -2.5 0.5 0.5 0.5 0.5 0 0.331 0.012 1.05 0.5 0.5 0.5 0.5 0 
0.331 0.012 -2.5 0.5 0.5 0.5 0.5 0 0.331 0.012 1.05 0.5 0.5 0.5 0.5 0 
0.331 0.012 -2.57 0.5 0.5 0.5 0.5 0 0.331 0.012 1.05 0.5 0.5 0.5 0.5 0 
0.331 0.012 -2.62 0.5 0.5 0.5 0.5 0 0.331 0.012 1.05 0.5 0.5 0.5 0.5 0 
0.331 0.012 -2.65 0.5 0.5 0.5 0.5 0 0.331 0.012 1.05 0.5 0.5 0.5 0.5 0 
0.331 0.012 -2.65 0.5 0.5 0.5 0.5 0 0.331 0.012 1.05 0.5 0.5 0.5 0.5 0 
0.331 0.012 -2.65 0.5 0.5 0.5 0.5 0 0.331 0.012 1.05 0.5 0.5 0.5 0.5 0 
0.331 0.012 -2.65 0.5 0.5 0.5 0.5 0 0.331 0.012 1.05 0.5 0.5 0.5 0.5 0 
0.331 0.012 -2.69 0.5 0.5 0.5 0.5 0 0.331 0.012 1.05 0.5 0.5 0.5 0.5 0 
0.331 0.012 -2.69 0.5 0.5 0.5 0.5 0 0.331 0.012 1.05 0.5 0.5 0.5 0.5 0 
0.331 0.012 -2.73 0.5 0.5 0.5 0.5 0 0.331 0.012 1.05 0.5 0.5 0.5 0.5 0 
0.331 0.012 -2.73 0.5 0.5 0.5 0.5 0 0.331 0.012 1.05 0.5 0.5 0.5 0.5 0 
0.331 0.012 -2.73 0.5 0.5 0.5 0.5 0 0.331 0.012 1.05 0.5 0.5 0.5 0.5 0 
0.331 0.012 -2.73 0.5 0.5 0.5 0.5 0 0.331 0.012 1.05 0.5 0.5 0.5 0.5 0 
0.331 0.012 -2.73 0.5 0.5 0.5 0.5 0 0.331 0.012 1.05 0.5 0.5 0.5 0.5 0 
0.331 0.012 -2.73 0.5 0.5 0.5 0.5 0 0.331 0.012 1.05 0.5 0.5 0.5 0.5 0 
0.331 0.012 -2.73 0.5 0.5 0.5 0.5 0 0.331 0.012 1.05 0.5 0.5 0.5 0.5 0 
0.331 0.012 -2.73 0.5 0.5 0.5 0.5 0 0.331 0.012 1.05 0.5 0.5 0.5 0.5 0 
0.331 0.012 -2.73 0.5 0.5 0.5 0.5 0 0.331 0.012 1.05 0.5 0.5 0.5 0.5 0 
0.331 0.012 -2.73 0.5 0.5 0.5 0.5 0 0.331 0.012 1.05 0.5 0.5 0.5 0.5 0 
0.331 0.012 -2.73 0.5 0.5 0.5 0.5 0 0.331 0.012 1.05 0.5 0.5 0.5 0.5 0 
0.331 0.012 -2.73 0.5 0.5 0.5 0.5 0 0.331 0.012 1.05 0.5 0.5 0.5 0.5 0 
0.331 0.012 -2.73 0.5 0.5 0.5 0.5 0 0.331 0.012 1.05 0.5 0.5 0.5 0.5 0 
0.331 0.012 -2.73 0.5 0.5 0.5 0.5 0 0.331 0.012 1.05 0.5 0.5 0.5 0.5 0 
0.331 0.012 -2.73 0.5 0.5 0.5 0.5 0 0.331 0.012 1.05 0.5 0.5 0.5 0.5 0 
0.331 0.012 -2.73 0.5 0.5 0.5 0.5 0 0.331 0.012 1.05 0.5 0.5 0.5 0.5 0 
0.331 0.012 -2.73 0.5 0.5 0.5 0.5 0 0.331 0.012 1.05 0.5 0.5 0.5 0.5 0 
0.331 0.012 -2.73 0.5 0.5 0.5 0.5 0 0.331 0.012 1.05 0.5 0.5 0.5 0.5 0 
0.331 0.012 -2.73 0.5 0.5 0.5 0.5 0 0.331 0.012 1.05 0.5 0.5 0.5 0.5 0 
0.331 0.012 -2.73 0.5 0.5 0.5 0.5 0 0.331 0.012 1.05 0.5 0.5 0.5 0.5 0 
0.331 0.012 -2.73 0.5 0.5 0.5 0.5 0 0.331 0.012 1.05 0.5 0.5 0.5 0.5 0 
0.331 0.012 -2.73 0.5 0.5 0.5 0.5 0 0.331 0.012 1.05 0.5 0.5 0.5 0.5 0 
0.331 0.012 -2.73 0.5 0.5 0.5 0.5 0 0.331 0.012 1.05 0.5 0.5 0.5 0.5 0 
0.331 0.012 -2.73 0.5 0.5 0.5 0.5 0 0.331 0.012 1.05 0.5 0.5 0.5 0.5 0 
0.331 0.012 -2.73 0.5 0.5 0.5 0.5 0 0.331 0.012 1.05 0.5 0.5 0.5 0.5 0 
0.331 0.012 -2.73 0.5 0.5 0.5 0.5 0 0.331 0.012 1.05 0.5 0.5 0.5 0.5 0 
0.331 0.012 -2.73 0.5 0.5 0.5 0.5 0 0.331 0.012 1.05 0.5 0.5 0.5 0.5 0 
0.331 0.012 -2.73 0.5 0.5 0.5 0.5 0 0.331 0.012 1.05 0.5 0.5 0.5 0.5 0 
0.331 0.012 -2.73 0.5 0.5 0.5 0.5 0 0.331 0.012 1.05 0.5 0.5 0.5 0.5 0 
0.331 0.012 -2.73 0.5 0.5 0.5 0.5 0 0.331 0.012 1.05 0.5 0.5 0.5 0.5 0 
0.331 0.012 -2.73 0.5 0.5 0.5 0.5 0 0.331 0.012 1.05 0.5 0.5 0.5 0.5 0 
0.331 0.012 -2.73 0.5 0.5 0.5 0.5 0 0.331 0.012 1.05 0.5 0.5 0.5 0.5 0 
0.331 0.012 -2.73 0.5 0.5 0.5 0.5 0 0.331 0.012 1.05 0.5 0.5 0.5 0.5 0 
0.331 0.012 -2.73 0.5 0.5 0.5 0.5 0 0.331 0.012 1.05 0.5 0.5 0.5 0.5 0 
0.331 0.012 -2.73 0.5 0.5 0.5 0.5 0 0.331 0.012 1.05 0.5 0.5 0.5 0.5 0 
0.331 0.012 -2.73 0.5 0.5 0.5 0.5 0 0.331 0.012 1.05 0.5 0.5 0.5 0.5 0 
0.331 0.012 -2.73 0.5 0.5 0.5 0.5 0 0.331 0.012 1.05 0.5 0.5 0.5 0.5 0 
0.331 0.012 -2.73 0.5 0.5 0.5 0.5 0 0.331 0.012 1.05 0.5 0.5 0.5 0.5 0 
0.331 0.012 -2.73 0.5 0.5 0.5 0.5 0 0.331 0.012 1.05 0.5 0.5 0.5 0.5 0 
0.331 0.012 -2.73 0.5 0.5 0.5 0.5 0 0.331 0.012 1.05 0.5 0.5 0.5 0.5 0 
0.331 0.012 -2.73 0.5 0.5 0.5 0.5 0 0.331 0.012 1.05 0.5 0.5 0.5 0.5 0 
0.331 0.012 -2.73 0.5 0.5 0.5 0.5 0 0.331 0.012 1.05 0.5 0.5 0.5 0.5 0 
0.331 0.012 -2.73 0.5 0.5 0.5 0.5 0 0.331 0.012 1.05 0.5 0.5 0.5 0.5 0 
0.331 0.012 -2.73 0.5 0.5 0.5 0.5 0 0.331 0.012 1.05 0.5 0.5 0.5 0.5 0 
0.331 0.012 -2.73 0.5 0.5 0.5 0.5 0 0.331 0.012 1.05 0.5 0.5 0.5 0.5 0 
0.331 0.012 -2.73 0.5 0.5 0.5 0.5 0 0.331 0.012 1.05 0.5 0.5 0.5 0.5 0 
0.331 0.012 -2.73 0.5 0.5 0.5 0.5 0 0.331 0.012 1.05 0.5 0.5 0.5 0.5 0 
0.331 0.012 -2.73 0.5 0.5 0.5 0.5 0 0.331 0.012 1.05 0.5 0.5 0.5 0.5 0 
0.331 0.12 -2.73 0.5 0.5 0.5 0.5 0 0.331 0.012 1.05 0.5 0.5 0.5 0.5 0 
0.331 0.34 -2.73 0.5 0.5 0.5 0.5 0 0.331 0.012 1.05 0.5 0.5 0.5 0.5 0 
0.331 0.53 -2.73 0.5 0.5 0.5 0.5 0 0.331 0.012 1.05 0.5 0.5 0.5 0.5 0 
0.331 0.67 -2.73 0.5 0.5 0.5 0.5 0 0.331 0.012 1.05 0.5 0.5 0.5 0.5 0 
0.331 0.86 -2.73 0.5 0.5 0.5 0.5 0 0.331 0.012 1.05 0.5 0.5 0.5 0.5 0 
0.331 1.01 -2.73 0.5 0.5 0.5 0.5 0 0.331 0.012 1.05 0.5 0.5 0.5 0.5 0 
0.331 1.12 -2.73 0.5 0.5 0.5 0.5 0 0.331 0.012 1.05 0.5 0.5 0.5 0.5 0 
0.331 1.26 -2.73 0.5 0.5 0.5 0.5 0 0.331 0.012 1.05 0.5 0.5 0.5 0.5 0 
0.331 1.56 -2.73 0.5 0.5 0.5 0.5 0 0.331 0.012 1.05 0.5 0.5 0.5 0.5 0 
0.331 1.63 -2.73 0.5 0.5 0.5 0.5 0 0.331 0.012 1.05 0.5 0.5 0.5 0.5 0 
0.331 1.78 -2.73 0.5 0.5 0.5 0.5 0 0.331 0.012 1.05 0.5 0.5 0.5 0.5 0 
0.331 1.89 -2.73 0.5 0.5 0.5 0.5 0 0.331 0.012 1.05 0.5 0.5 0.5 0.5 0 
0.331 1.92 -2.73 0.5 0.5 0.5 0.5 0 0.331 0.012 1.05 0.5 0.5 0.5 0.5 0 
0.331 2 -2.73 0.5 0.5 0.5 0.5 0 0.331 0.012 1.05 0.5 0.5 0.5 0.5 0 
0.331 2.04 -2.73 0.5 0.5 0.5 0.5 0 0.331 0.012 1.05 0.5 0.5 0.5 0.5 0 
0.331 2.07 -2.73 0.5 0.5 0.5 0.5 0 0.331 0.012 1.05 0.5 0.5 0.5 0.5 0 
0.331 2.11 -2.73 0.5 0.5 0.5 0.5 0 0.331 0.012 1.05 0.5 0.5 0.5 0.5 0 
0.331 2.26 -2.73 0.5 0.5 0.5 0.5 0 0.331 0.012 1.05 0.5 0.5 0.5 0.5 0 
0.331 2.29 -2.73 0.5 0.5 0.5 0.5 0 0.331 0.012 1.05 0.5 0.5 0.5 0.5 0 
0.331 2.37 -2.73 0.5 0.5 0.5 0.5 0 0.331 0.012 1.05 0.5 0.5 0.5 0.5 0 
0.331 2.37 -2.73 0.5 0.5 0.5 0.5 0 0.331 0.012 1.05 0.5 0.5 0.5 0.5 0 
0.331 2.37 -2.73 0.5 0.5 0.5 0.5 0 0.331 0.012 1.05 0.5 0.5 0.5 0.5 0 
0.331 2.37 -2.73 0.5 0.5 0.5 0.5 0 0.331 0.012 1.05 0.5 0.5 0.5 0.5 0 
0.331 2.37 -2.73 0.5 0.5 0.5 0.5 0 0.331 0.012 1.05 0.5 0.5 0.5 0.5 0 
0.331 2.37 -2.73 0.5 0.5 0.5 0.5 0 0.331 0.012 1.05 0.5 0.5 0.5 0.5 0 
0.331 2.37 -2.73 0.5 0.5 0.5 0.5 0 0.331 0.012 1.05 0.5 0.5 0.5 0.5 0 
0.331 2.37 -2.73 0.5 0.5 0.5 0.5 0 0.331 0.012 1.05 0.5 0.5 0.5 0.5 0 
0.331 2.37 -2.73 0.5 0.5 0.5 0.5 0 0.331 0.012 1.05 0.5 0.5 0.5 0.5 0 
0.331 2.37 -2.73 0.5 0.5 0.5 0.5 0 0.331 0.012 1.05 0.5 0.5 0.5 0.5 0 
0.331 2.37 -2.73 0.5 0.5 0.5 0.5 0 0.331 0.012 1.05 0.5 0.5 0.5 0.5 0 
0.331 2.37 -2.73 0.5 0.5 0.5 0.5 0 0.331 0.012 1.05 0.5 0.5 0.5 0.5 0 
0.331 2.37 -2.73 0.5 0.5 0.5 0.5 0 0.331 0.012 1.05 0.5 0.5 0.5 0.5 0 
0.331 2.37 -2.73 0.5 0.5 0.5 0.5 0 0.331 0.012 1.05 0.5 0.5 0.5 0.5 0 
0.331 2.37 -2.73 0.5 0.5 0.5 0.5 0 0.331 0.012 1.05 0.5 0.5 0.5 0.5 0 
0.331 2.37 -2.73 0.5 0.5 0.5 0.5 0 0.331 0.012 1.05 0.5 0.5 0.5 0.5 0 
0.331 2.37 -2.73 0.5 0.5 0.5 0.5 0 0.331 0.012 1.05 0.5 0.5 0.5 0.5 0 
0.331 2.37 -2.73 0.5 0.5 0.5 0.5 0 0.331 0.012 1.05 0.5 0.5 0.5 0.5 0 
0.331 2.37 -2.73 0.5 0.5 0.5 0.5 0 0.331 0.012 1.05 0.5 0.5 0.5 0.5 0 
0.331 2.37 -2.73 0.5 0.5 0.5 0.5 0 0.331 0.012 1.05 0.5 0.5 0.5 0.5 0 
0.331 2.37 -2.73 0.5 0.5 0.5 0.5 0 0.331 0.012 1.05 0.5 0.5 0.5 0.5 0 
0.331 2.37 -2.73 0.5 0.5 0.5 0.5 0 0.331 0.012 1.05 0.5 0.5 0.5 0.5 0 
0.331 2.37 -2.73 0.5 0.5 0.5 0.5 0 0.331 0.012 1.05 0.5 0.5 0.5 0.5 0 
0.331 2.37 -2.73 0.5 0.5 0.5 0.5 0 0.331 0.012 1.05 0.5 0.5 0.5 0.5 0 
0.331 2.37 -2.73 0.5 0.5 0.5 0.5 0 0.331 0.012 1.05 0.5 0.5 0.5 0.5 0 
0.331 2.37 -2.73 0.5 0.5 0.5 0.5 0 0.331 0.012 1.05 0.5 0.5 0.5 0.5 0 
0.331 2.37 -2.73 0.5 0.5 0.5 0.5 0 0.331 0.012 1.05 0.5 0.5 0.5 0.5 0 
0.331 2.37 -2.73 0.5 0.5 0.5 0.5 0 0.331 0.012 1.05 0.5 0.5 0.5 0.5 0 
0.331 2.37 -2.73 0.5 0.5 0.5 0.5 0 0.331 0.012 1.05 0.5 0.5 0.5 0.5 0 
0.331 2.37 -2.73 0.5 0.5 0.5 0.5 0 0.331 0.012 1.05 0.5 0.5 0.5 0.5 0 
0.331 2.37 -2.73 0.5 0.5 0.5 0.5 0 0.331 0.012 1.05 0.5 0.5 0.5 0.5 0 
0.331 2.37 -2.73 0.5 0.5 0.5 0.5 0 0.331 0.012 1.05 0.5 0.5 0.5 0.5 0 
0.331 2.37 -2.73 0.5 0.5 0.5 0.5 0 0.331 0.012 1.05 0.5 0.5 0.5 0.5 0 
0.331 2.37 -2.73 0.5 0.5 0.5 0.5 0 0.331 0.012 1.05 0.5 0.5 0.5 0.5 0 
0.331 2.37 -2.73 0.5 0.5 0.5 0.5 0 0.331 0.012 1.05 0.5 0.5 0.5 0.5 0 
0.331 2.37 -2.73 0.5 0.5 0.5 0.5 0 0.331 0.012 1.05 0.5 0.5 0.5 0.5 0 
0.331 2.37 -2.73 0.5 0.5 0.5 0.5 0 0.331 0.012 1.05 0.5 0.5 0.5 0.5 0 
0.331 2.37 -2.73 0.5 0.5 0.5 0.5 0 0.331 0.012 1.05 0.5 0.5 0.5 0.5 0 
0.331 2.37 -2.73 0.5 0.5 0.5 0.5 0 0.331 0.012 1.05 0.5 0.5 0.5 0.5 0 
0.331 2.37 -2.73 0.5 0.5 0.5 0.5 0 0.331 0.012 1.05 0.5 0.5 0.5 0.5 0 
0.331 2.37 -2.73 0.5 0.5 0.5 0.5 0 0.331 0.012 1.05 0.5 0.5 0.5 0.5 0 
0.331 2.37 -2.73 0.5 0.5 0.5 0.5 0 0.331 0.012 1.05 0.5 0.5 0.5 0.5 0 
0.331 2.37 -2.73 0.5 0.5 0.5 0.5 0 0.331 0.012 1.05 0.5 0.5 0.5 0.5 0 
0.331 2.37 -2.73 0.5 0.5 0.5 0.5 0 0.331 0.012 1.05 0.5 0.5 0.5 0.5 0 
0.331 2.37 -2.73 0.5 0.5 0.5 0.5 0 0.331 0.012 1.05 0.5 0.5 0.5 0.5 0 
0.331 2.37 -2.73 0.5 0.5 0.5 0.5 0 0.331 0.012 1.05 0.5 0.5 0.5 0.5 0 
0.331 2.37 -2.73 0.5 0.5 0.5 0.5 0 0.331 0.012 1.05 0.5 0.5 0.5 0.5 0 
0.331 2.37 -2.73 0.5 0.5 0.5 0.5 0 0.331 0.012 1.05 0.5 0.5 0.5 0.5 0 
0.331 2.37 -2.73 0.5 0.5 0.5 0.5 0 0.331 0.012 1.05 0.5 0.5 0.5 0.5 0 
0.331 2.37 -2.73 0.5 0.5 0.5 0.5 0 0.331 0.012 1.05 0.5 0.5 0.5 0.5 0 
0.331 2.37 -2.73 0.5 0.5 0.5 0.5 0 0.331 0.012 1.05 0.5 0.5 0.5 0.5 0 
0.331 2.37 -2.73 0.5 0.5 0.5 0.5 0 0.331 0.012 1.05 0.5 0.5 0.5 0.5 0 
0.331 2.37 -2.73 0.5 0.5 0.5 0.5 0 0.331 0.012 1.05 0.5 0.5 0.5 0.5 0 
0.331 2.37 -2.73 0.5 0.5 0.5 0.5 0 0.331 0.012 1.05 0.5 0.5 0.5 0.5 0 
0.331 2.37 -2.62 0.5 0.5 0.5 0.5 0 0.331 0.012 1.05 0.5 0.5 0.5 0.5 0 
0.331 2.37 -2.5 0.5 0.5 0.5 0.5 0 0.331 0.012 1.05 0.5 0.5 0.5 0.5 0 
0.331 2.37 -2.47 0.5 0.5 0.5 0.5 0 0.331 0.012 1.05 0.5 0.5 0.5 0.5 0 
0.331 2.37 -2.36 0.5 0.5 0.5 0.5 0 0.331 0.012 1.05 0.5 0.5 0.5 0.5 0 
0.331 2.37 -2.28 0.5 0.5 0.5 0.5 0 0.331 0.012 1.05 0.5 0.5 0.5 0.5 0 
0.331 2.37 -2.24 0.5 0.5 0.5 0.5 0 0.331 0.012 1.05 0.5 0.5 0.5 0.5 0 
0.331 2.37 -2.17 0.5 0.5 0.5 0.5 0 0.331 0.012 1.05 0.5 0.5 0.5 0.5 0 
0.331 2.37 -2.13 0.5 0.5 0.5 0.5 0 0.331 0.012 1.05 0.5 0.5 0.5 0.5 0 
0.331 2.37 -2.05 0.5 0.5 0.5 0.5 0 0.331 0.012 1.05 0.5 0.5 0.5 0.5 0 
0.331 2.37 -1.97 0.5 0.5 0.5 0.5 0 0.331 0.012 1.05 0.5 0.5 0.5 0.5 0 
0.331 2.37 -1.93 0.5 0.5 0.5 0.5 0 0.331 0.012 1.05 0.5 0.5 0.5 0.5 0 
0.331 2.37 -1.89 0.5 0.5 0.5 0.5 0 0.331 0.012 1.05 0.5 0.5 0.5 0.5 0 
0.331 2.37 -1.77 0.5 0.5 0.5 0.5 0 0.331 0.012 1.05 0.5 0.5 0.5 0.5 0 
0.331 2.37 -1.73 0.5 0.5 0.5 0.5 0 0.331 0.012 1.05 0.5 0.5 0.5 0.5 0 
0.331 2.37 -1.61 0.5 0.5 0.5 0.5 0 0.331 0.012 1.05 0.5 0.5 0.5 0.5 0 
0.331 2.37 -1.53 0.5 0.5 0.5 0.5 0 0.331 0.012 1.05 0.5 0.5 0.5 0.5 0 
0.331 2.37 -1.5 0.5 0.5 0.5 0.5 0 0.331 0.012 1.05 0.5 0.5 0.5 0.5 0 
0.331 2.37 -1.5 0.5 0.5 0.5 0.5 0 0.331 0.012 1.05 0.5 0.5 0.5 0.5 0 
0.331 2.37 -1.5 0.5 0.5 0.5 0.5 0 0.331 0.012 1.05 0.5 0.5 0.5 0.5 0 
0.331 2.37 -1.5 0.5 0.5 0.5 0.5 0 0.331 0.012 1.05 0.5 0.5 0.5 0.5 0 
0.331 2.37 -1.5 0.5 0.5 0.5 0.5 0 0.331 0.012 1.05 0.5 0.5 0.5 0.5 0 
0.331 2.37 -1.42 0.5 0.5 0.5 0.5 0 0.331 0.012 1.05 0.5 0.5 0.5 0.5 0 
0.331 2.37 -1.34 0.5 0.5 0.5 0.5 0 0.331 0.012 1.05 0.5 0.5 0.5 0.5 0 
0.331 2.37 -1.3 0.5 0.5 0.5 0.5 0 0.331 0.012 1.05 0.5 0.5 0.5 0.5 0 
0.331 2.37 -1.29 0.5 0.5 0.5 0.5 0 0.331 0.012 1.05 0.5 0.5 0.5 0.5 0 
0.331 2.37 -1.26 0.5 0.5 0.5 0.5 0 0.331 0.012 1.05 0.5 0.5 0.5 0.5 0 
0.331 2.37 -1.21 0.5 0.5 0.5 0.5 0 0.331 0.012 1.05 0.5 0.5 0.5 0.5 0 
0.331 2.37 -1.14 0.5 0.5 0.5 0.5 0 0.331 0.012 1.05 0.5 0.5 0.5 0.5 0 
0.331 2.37 -1.1 0.5 0.5 0.5 0.5 0 0.331 0.012 1.05 0.5 0.5 0.5 0.5 0 
0.331 2.37 -1.06 0.5 0.5 0.5 0.5 0 0.331 0.012 1.05 0.5 0.5 0.5 0.5 0 
0.331 2.37 -0.98 0.5 0.5 0.5 0.5 0 0.331 0.012 1.05 0.5 0.5 0.5 0.5 0 
0.331 2.37 -0.94 0.5 0.5 0.5 0.5 0 0.331 0.012 1.05 0.5 0.5 0.5 0.5 0 
0.331 2.37 -0.94 0.5 0.5 0.5 0.5 0 0.331 0.012 1.05 0.5 0.5 0.5 0.5 0 
0.331 2.37 -0.9 0.5 0.5 0.5 0.5 0 0.331 0.012 1.05 0.5 0.5 0.5 0.5 0 
0.331 2.37 -0.87 0.5 0.5 0.5 0.5 0 0.331 0.012 1.05 0.5 0.5 0.5 0.5 0 
0.331 2.37 -0.79 0.5 0.5 0.5 0.5 0 0.331 0.012 1.05 0.5 0.5 0.5 0.5 0 
0.331 2.37 -0.79 0.5 0.5 0.5 0.5 0 0.331 0.012 1.05 0.5 0.5 0.5 0.5 0 
0.331 2.37 -0.75 0.5 0.5 0.5 0.5 0 0.331 0.012 1.05 0.5 0.5 0.5 0.5 0 
0.331 2.37 -0.71 0.5 0.5 0.5 0.5 0 0.331 0.012 1.05 0.5 0.5 0.5 0.5 0 
0.331 2.37 -0.68 0.5 0.5 0.5 0.5 0 0.331 0.012 1.05 0.5 0.5 0.5 0.5 0 
0.331 2.37 -0.64 0.5 0.5 0.5 0.5 0 0.331 0.012 1.05 0.5 0.5 0.5 0.5 0 
0.331 2.37 -0.6 0.5 0.5 0.5 0.5 0 0.331 0.012 1.05 0.5 0.5 0.5 0.5 0 
0.331 2.37 -0.6 0.5 0.5 0.5 0.5 0 0.331 0.012 1.05 0.5 0.5 0.5 0.5 0 
0.331 2.37 -0.6 0.5 0.5 0.5 0.5 0 0.331 0.012 1.05 0.5 0.5 0.5 0.5 0 
0.331 2.37 -0.6 0.5 0.5 0.5 0.5 0 0.331 0.012 1.05 0.5 0.5 0.5 0.5 0 
0.331 2.37 -0.6 0.5 0.5 0.5 0.5 0 0.331 0.012 1.05 0.5 0.5 0.5 0.5 0 
0.331 2.37 -0.6 0.5 0.5 0.5 0.5 0 0.331 0.012 1.05 0.5 0.5 0.5 0.5 0 
0.331 2.37 -0.57 0.5 0.5 0.5 0.5 0 0.331 0.012 1.05 0.5 0.5 0.5 0.5 0 
0.331 2.37 -0.57 0.5 0.5 0.5 0.5 0 0.331 0.012 1.05 0.5 0.5 0.5 0.5 0 
0.331 2.37 -0.57 0.5 0.5 0.5 0.5 0 0.331 0.012 1.05 0.5 0.5 0.5 0.5 0 
0.331 2.37 -0.57 0.5 0.5 0.5 0.5 0 0.331 0.012 1.05 0.5 0.5 0.5 0.5 0 
0.331 2.37 -0.57 0.5 0.5 0.5 0.5 0 0.331 0.012 1.05 0.5 0.5 0.5 0.5 0 
0.331 2.37 -0.57 0.5 0.5 0.5 0.5 0 0.331 0.012 1.05 0.5 0.5 0.5 0.5 0 
0.331 2.37 -0.57 0.5 0.5 0.5 0.5 0 0.331 0.012 1.05 0.5 0.5 0.5 0.5 0 
0.331 2.37 -0.57 0.5 0.5 0.5 0.5 0 0.331 0.012 1.05 0.5 0.5 0.5 0.5 0 
0.331 2.37 -0.57 0.5 0.5 0.5 0.5 0 0.331 0.012 1.05 0.5 0.5 0.5 0.5 0 
0.331 2.37 -0.57 0.5 0.5 0.5 0.5 0 0.331 0.012 1.05 0.5 0.5 0.5 0.5 0 
0.331 2.37 -0.57 0.5 0.5 0.5 0.5 0 0.331 0.012 1.05 0.5 0.5 0.5 0.5 0 
0.331 2.37 -0.57 0.5 0.5 0.5 0.5 0 0.331 0.012 1.05 0.5 0.5 0.5 0.5 0 
0.331 2.37 -0.57 0.5 0.5 0.5 0.5 0 0.331 0.012 1.05 0.5 0.5 0.5 0.5 0 
0.331 2.37 -0.57 0.5 0.5 0.5 0.5 0 0.331 0.012 1.05 0.5 0.5 0.5 0.5 0 
0.331 2.37 -0.57 0.5 0.5 0.5 0.5 0 0.331 0.012 1.05 0.5 0.5 0.5 0.5 0 
0.331 2.37 -0.57 0.5 0.5 0.5 0.5 0 0.331 0.012 1.05 0.5 0.5 0.5 0.5 0 
0.331 2.37 -0.57 0.5 0.5 0.5 0.5 0 0.331 0.012 1.05 0.5 0.5 0.5 0.5 0 
0.331 2.37 -0.57 0.5 0.5 0.5 0.5 0 0.331 0.012 1.05 0.5 0.5 0.5 0.5 0 
0.331 2.37 -0.57 0.5 0.5 0.5 0.5 0 0.331 0.012 1.05 0.5 0.5 0.5 0.5 0 
0.331 2.37 -0.57 0.5 0.5 0.5 0.5 0 0.331 0.012 1.05 0.5 0.5 0.5 0.5 0 
0.331 2.37 -0.57 0.5 0.5 0.5 0.5 0 0.331 0.012 1.05 0.5 0.5 0.5 0.5 0 
0.331 2.37 -0.57 0.5 0.5 0.5 0.5 0 0.331 0.012 1.05 0.5 0.5 0.5 0.5 0 
0.331 2.37 -0.57 0.5 0.5 0.5 0.5 0 0.331 0.012 1.05 0.5 0.5 0.5 0.5 0 
0.331 2.37 -0.57 0.5 0.5 0.5 0.5 0 0.331 0.012 1.05 0.5 0.5 0.5 0.5 0 
0.331 2.37 -0.57 0.5 0.5 0.5 0.5 0 0.331 0.012 1.05 0.5 0.5 0.5 0.5 0 
0.331 2.37 -0.57 0.5 0.5 0.5 0.5 0 0.331 0.012 1.05 0.5 0.5 0.5 0.5 0 
0.331 2.37 -0.57 0.5 0.5 0.5 0.5 0 0.331 0.012 1.05 0.5 0.5 0.5 0.5 0 
0.331 2.37 -0.57 0.5 0.5 0.5 0.5 0 0.331 0.012 1.05 0.5 0.5 0.5 0.5 0 
0.331 2.37 -0.57 0.5 0.5 0.5 0.5 0 0.331 0.012 1.05 0.5 0.5 0.5 0.5 0 
0.331 2.37 -0.57 0.5 0.5 0.5 0.5 0 0.331 0.012 1.05 0.5 0.5 0.5 0.5 0 
0.331 2.37 -0.57 0.5 0.5 0.5 0.5 0 0.331 0.012 1.05 0.5 0.5 0.5 0.5 0 
0.331 2.37 -0.57 0.5 0.5 0.5 0.5 0 0.331 0.012 1.05 0.5 0.5 0.5 0.5 0 
0.331 2.37 -0.57 0.5 0.5 0.5 0.5 0 0.331 0.012 1.05 0.5 0.5 0.5 0.5 0 
0.331 2.37 -0.57 0.5 0.5 0.5 0.5 0 0.331 0.012 1.05 0.5 0.5 0.5 0.5 0 
0.331 2.37 -0.57 0.5 0.5 0.5 0.5 0 0.331 0.012 1.05 0.5 0.5 0.5 0.5 0 
0.331 2.37 -0.57 0.5 0.5 0.5 0.5 0 0.331 0.012 1.05 0.5 0.5 0.5 0.5 0 
0.331 2.37 -0.57 0.5 0.5 0.5 0.5 0 0.331 0.012 1.05 0.5 0.5 0.5 0.5 0 
0.331 2.37 -0.57 0.5 0.5 0.5 0.5 0 0.331 0.012 1.05 0.5 0.5 0.5 0.5 0 
0.331 2.37 -0.57 0.5 0.5 0.5 0.5 0 0.331 0.012 1.05 0.5 0.5 0.5 0.5 0 
0.331 2.37 -0.57 0.5 0.5 0.5 0.5 0 0.331 0.012 1.05 0.5 0.5 0.5 0.5 0 
0.331 2.37 -0.57 0.5 0.5 0.5 0.5 0 0.331 0.012 1.05 0.5 0.5 0.5 0.5 0 
0.331 2.37 -0.57 0.5 0.5 0.5 0.5 0 0.331 0.012 1.05 0.5 0.5 0.5 0.5 0 
0.331 2.37 -0.57 0.5 0.5 0.5 0.5 0 0.331 0.012 1.05 0.5 0.5 0.5 0.5 0 
0.331 2.37 -0.57 0.5 0.5 0.5 0.5 0 0.331 0.012 1.05 0.5 0.5 0.5 0.5 0 
0.331 2.37 -0.57 0.5 0.5 0.5 0.5 0 0.331 0.012 1.05 0.5 0.5 0.5 0.5 0 
0.331 2.37 -0.57 0.5 0.5 0.5 0.5 0 0.331 0.012 1.05 0.5 0.5 0.5 0.5 0 
0.331 2.37 -0.57 0.5 0.5 0.5 0.5 0 0.331 0.012 1.05 0.5 0.5 0.5 0.5 0 
0.331 2.37 -0.57 0.5 0.5 0.5 0.5 0 0.331 0.012 1.05 0.5 0.5 0.5 0.5 0 
0.331 2.37 -0.57 0.5 0.5 0.5 0.5 0 0.331 0.012 1.05 0.5 0.5 0.5 0.5 0 
0.331 2.37 -0.57 0.5 0.5 0.5 0.5 0 0.331 0.012 1.05 0.5 0.5 0.5 0.5 0 
0.331 2.37 -0.57 0.5 0.5 0.5 0.5 0 0.331 0.012 1.05 0.5 0.5 0.5 0.5 0 
0.331 2.37 -0.57 0.5 0.5 0.5 0.5 0 0.331 0.012 1.05 0.5 0.5 0.5 0.5 0 
0.331 2.37 -0.57 0.5 0.5 0.5 0.5 0 0.331 0.012 1.05 0.5 0.5 0.5 0.5 0 
0.331 2.37 -0.57 0.5 0.5 0.5 0.5 0 0.331 0.012 1.05 0.5 0.5 0.5 0.5 0 
0.331 2.37 -0.57 0.5 0.5 0.5 0.5 0 0.331 0.012 1.05 0.5 0.5 0.5 0.5 0 
0.331 2.37 -0.57 0.5 0.5 0.5 0.5 0 0.331 0.012 1.05 0.5 0.5 0.5 0.5 0 
0.331 2.37 -0.57 0.5 0.5 0.5 0.5 0 0.331 0.012 1.05 0.5 0.5 0.5 0.5 0 
0.331 2.37 -0.57 0.5 0.5 0.5 0.5 0 0.331 0.012 1.05 0.5 0.5 0.5 0.5 0 
0.331 2.37 -0.57 0.5 0.5 0.5 0.5 0 0.331 0.012 1.05 0.5 0.5 0.5 0.5 0 
0.331 2.37 -0.57 0.5 0.5 0.5 0.5 0 0.331 0.012 1.05 0.5 0.5 0.5 0.5 0 
0.331 2.37 -0.57 0.5 0.5 0.5 0.5 0 0.331 0.012 1.05 0.5 0.5 0.5 0.5 0 
0.331 2.37 -0.57 0.5 0.5 0.5 0.5 0 0.331 0.012 1.05 0.5 0.5 0.5 0.5 0 
0.331 2.37 -0.57 0.5 0.5 0.5 0.5 0 0.331 0.012 1.05 0.5 0.5 0.5 0.5 0 
0.331 2.37 -0.57 0.5 0.5 0.5 0.5 0 0.331 0.012 1.05 0.5 0.5 0.5 0.5 0 
0.331 2.37 -0.57 0.5 0.5 0.5 0.5 0 0.331 0.012 1.05 0.5 0.5 0.5 0.5 0 
0.331 2.37 -0.57 0.5 0.5 0.5 0.5 0 0.331 0.012 1.05 0.5 0.5 0.5 0.5 0 
0.331 2.37 -0.57 0.5 0.5 0.5 0.5 0 0.331 0.012 1.05 0.5 0.5 0.5 0.5 0 
0.331 2.37 -0.57 0.5 0.5 0.5 0.5 0 0.331 0.012 1.05 0.5 0.5 0.5 0.5 0 
0.331 2.37 -0.57 0.5 0.5 0.5 0.5 0 0.331 0.012 1.05 0.5 0.5 0.5 0.5 0 
0.331 2.37 -0.57 0.5 0.5 0.5 0.5 0 0.331 0.012 1.05 0.5 0.5 0.5 0.5 0 
0.331 2.37 -0.57 0.5 0.5 0.5 0.5 0 0.331 0.012 1.05 0.5 0.5 0.5 0.5 0 
0.331 2.33 -0.57 0.5 0.5 0.5 0.5 0 0.331 0.012 1.05 0.5 0.5 0.5 0.5 0 
0.331 2.3 -0.57 0.5 0.5 0.5 0.5 0 0.331 0.012 1.05 0.5 0.5 0.5 0.5 0 
0.331 2.19 -0.57 0.5 0.5 0.5 0.5 0 0.331 0.012 1.05 0.5 0.5 0.5 0.5 0 
0.331 2.08 -0.57 0.5 0.5 0.5 0.5 0 0.331 0.012 1.05 0.5 0.5 0.5 0.5 0 
0.331 2 -0.57 0.5 0.5 0.5 0.5 0 0.331 0.012 1.05 0.5 0.5 0.5 0.5 0 
0.331 1.85 -0.57 0.5 0.5 0.5 0.5 0 0.331 0.012 1.05 0.5 0.5 0.5 0.5 0 
0.331 1.71 -0.57 0.5 0.5 0.5 0.5 0 0.331 0.012 1.05 0.5 0.5 0.5 0.5 0 
0.331 1.56 -0.57 0.5 0.5 0.5 0.5 0 0.331 0.012 1.05 0.5 0.5 0.5 0.5 0 
0.331 1.49 -0.57 0.5 0.5 0.5 0.5 0 0.331 0.012 1.05 0.5 0.5 0.5 0.5 0 
0.331 1.38 -0.57 0.5 0.5 0.5 0.5 0 0.331 0.012 1.05 0.5 0.5 0.5 0.5 0 
0.331 1.3 -0.57 0.5 0.5 0.5 0.5 0 0.331 0.012 1.05 0.5 0.5 0.5 0.5 0 
0.331 1.27 -0.57 0.5 0.5 0.5 0.5 0 0.331 0.012 1.05 0.5 0.5 0.5 0.5 0 
0.331 1.23 -0.57 0.5 0.5 0.5 0.5 0 0.331 0.012 1.05 0.5 0.5 0.5 0.5 0 
0.331 1.16 -0.57 0.5 0.5 0.5 0.5 0 0.331 0.012 1.05 0.5 0.5 0.5 0.5 0 
0.331 1.12 -0.57 0.5 0.5 0.5 0.5 0 0.331 0.012 1.05 0.5 0.5 0.5 0.5 0 
0.331 1.12 -0.57 0.5 0.5 0.5 0.5 0 0.331 0.012 1.05 0.5 0.5 0.5 0.5 0 
0.331 1.08 -0.57 0.5 0.5 0.5 0.5 0 0.331 0.012 1.05 0.5 0.5 0.5 0.5 0 
0.331 1.01 -0.57 0.5 0.5 0.5 0.5 0 0.331 0.012 1.05 0.5 0.5 0.5 0.5 0 
0.331 0.97 -0.57 0.5 0.5 0.5 0.5 0 0.331 0.012 1.05 0.5 0.5 0.5 0.5 0 
0.331 0.97 -0.57 0.5 0.5 0.5 0.5 0 0.331 0.012 1.05 0.5 0.5 0.5 0.5 0 
0.331 0.94 -0.57 0.5 0.5 0.5 0.5 0 0.331 0.012 1.05 0.5 0.5 0.5 0.5 0 
0.331 0.9 -0.57 0.5 0.5 0.5 0.5 0 0.331 0.012 1.05 0.5 0.5 0.5 0.5 0 
0.331 0.86 -0.57 0.5 0.5 0.5 0.5 0 0.331 0.012 1.05 0.5 0.5 0.5 0.5 0 
0.331 0.82 -0.57 0.5 0.5 0.5 0.5 0 0.331 0.012 1.05 0.5 0.5 0.5 0.5 0 
0.331 0.82 -0.57 0.5 0.5 0.5 0.5 0 0.331 0.012 1.05 0.5 0.5 0.5 0.5 0 
0.331 0.79 -0.57 0.5 0.5 0.5 0.5 0 0.331 0.012 1.05 0.5 0.5 0.5 0.5 0 
0.331 0.71 -0.57 0.5 0.5 0.5 0.5 0 0.331 0.012 1.05 0.5 0.5 0.5 0.5 0 
0.331 0.68 -0.57 0.5 0.5 0.5 0.5 0 0.331 0.012 1.05 0.5 0.5 0.5 0.5 0 
0.331 0.64 -0.57 0.5 0.5 0.5 0.5 0 0.331 0.012 1.05 0.5 0.5 0.5 0.5 0 
0.331 0.57 -0.57 0.5 0.5 0.5 0.5 0 0.331 0.012 1.05 0.5 0.5 0.5 0.5 0 
0.331 0.53 -0.57 0.5 0.5 0.5 0.5 0 0.331 0.012 1.05 0.5 0.5 0.5 0.5 0 
0.331 0.49 -0.57 0.5 0.5 0.5 0.5 0 0.331 0.012 1.05 0.5 0.5 0.5 0.5 0 
0.331 0.49 -0.57 0.5 0.5 0.5 0.5 0 0.331 0.012 1.05 0.5 0.5 0.5 0.5 0 
0.331 0.49 -0.57 0.5 0.5 0.5 0.5 0 0.331 0.012 1.05 0.5 0.5 0.5 0.5 0 
0.331 0.49 -0.57 0.5 0.5 0.5 0.5 0 0.331 0.012 1.05 0.5 0.5 0.5 0.5 0 
0.331 0.49 -0.57 0.5 0.5 0.5 0.5 0 0.331 0.012 1.05 0.5 0.5 0.5 0.5 0 
0.331 0.42 -0.57 0.5 0.5 0.5 0.5 0 0.331 0.012 1.05 0.5 0.5 0.5 0.5 0 
0.331 0.42 -0.57 0.5 0.5 0.5 0.5 0 0.331 0.012 1.05 0.5 0.5 0.5 0.5 0 
0.331 0.42 -0.57 0.5 0.5 0.5 0.5 0 0.331 0.012 1.05 0.5 0.5 0.5 0.5 0 
0.331 0.42 -0.57 0.5 0.5 0.5 0.5 0 0.331 0.012 1.05 0.5 0.5 0.5 0.5 0 
0.331 0.42 -0.57 0.5 0.5 0.5 0.5 0 0.331 0.012 1.05 0.5 0.5 0.5 0.5 0 
0.331 0.42 -0.57 0.5 0.5 0.5 0.5 0 0.331 0.012 1.05 0.5 0.5 0.5 0.5 0 
0.331 0.42 -0.57 0.5 0.5 0.5 0.5 0 0.331 0.012 1.05 0.5 0.5 0.5 0.5 0 
0.331 0.42 -0.57 0.5 0.5 0.5 0.5 0 0.331 0.012 1.05 0.5 0.5 0.5 0.5 0 
0.331 0.38 -0.57 0.5 0.5 0.5 0.5 0 0.331 0.012 1.05 0.5 0.5 0.5 0.5 0 
0.331 0.38 -0.57 0.5 0.5 0.5 0.5 0 0.331 0.012 1.05 0.5 0.5 0.5 0.5 0 
0.331 0.38 -0.57 0.5 0.5 0.5 0.5 0 0.331 0.012 1.05 0.5 0.5 0.5 0.5 0 
0.331 0.38 -0.57 0.5 0.5 0.5 0.5 0 0.331 0.012 1.05 0.5 0.5 0.5 0.5 0 
0.331 0.35 -0.57 0.5 0.5 0.5 0.5 0 0.331 0.012 1.05 0.5 0.5 0.5 0.5 0 
0.331 0.31 -0.57 0.5 0.5 0.5 0.5 0 0.331 0.012 1.05 0.5 0.5 0.5 0.5 0 
0.331 0.31 -0.57 0.5 0.5 0.5 0.5 0 0.331 0.012 1.05 0.5 0.5 0.5 0.5 0 
0.331 0.31 -0.57 0.5 0.5 0.5 0.5 0 0.331 0.012 1.05 0.5 0.5 0.5 0.5 0 
0.331 0.31 -0.57 0.5 0.5 0.5 0.5 0 0.331 0.012 1.05 0.5 0.5 0.5 0.5 0 
0.331 0.31 -0.57 0.5 0.5 0.5 0.5 0 0.331 0.012 1.05 0.5 0.5 0.5 0.5 0 
0.331 0.31 -0.57 0.5 0.5 0.5 0.5 0 0.331 0.012 1.05 0.5 0.5 0.5 0.5 0 
0.331 0.31 -0.57 0.5 0.5 0.5 0.5 0 0.331 0.012 1.05 0.5 0.5 0.5 0.5 0 
0.331 0.31 -0.57 0.5 0.5 0.5 0.5 0 0.331 0.012 1.05 0.5 0.5 0.5 0.5 0 
0.331 0.31 -0.57 0.5 0.5 0.5 0.5 0 0.331 0.012 1.05 0.5 0.5 0.5 0.5 0 
0.331 0.31 -0.57 0.5 0.5 0.5 0.5 0 0.331 0.012 1.05 0.5 0.5 0.5 0.5 0 
0.331 0.31 -0.57 0.5 0.5 0.5 0.5 0 0.331 0.012 1.05 0.5 0.5 0.5 0.5 0 
0.331 0.31 -0.57 0.5 0.5 0.5 0.5 0 0.331 0.012 1.05 0.5 0.5 0.5 0.5 0 
0.331 0.31 -0.57 0.5 0.5 0.5 0.5 0 0.331 0.012 1.05 0.5 0.5 0.5 0.5 0 
0.331 0.31 -0.57 0.5 0.5 0.5 0.5 0 0.331 0.012 1.05 0.5 0.5 0.5 0.5 0 
0.331 0.31 -0.57 0.5 0.5 0.5 0.5 0 0.331 0.012 1.05 0.5 0.5 0.5 0.5 0 
0.331 0.31 -0.57 0.5 0.5 0.5 0.5 0 0.331 0.012 1.05 0.5 0.5 0.5 0.5 0 
0.331 0.31 -0.57 0.5 0.5 0.5 0.5 0 0.331 0.012 1.05 0.5 0.5 0.5 0.5 0 
0.331 0.31 -0.57 0.5 0.5 0.5 0.5 0 0.331 0.012 1.05 0.5 0.5 0.5 0.5 0 
0.331 0.31 -0.57 0.5 0.5 0.5 0.5 0 0.331 0.012 1.05 0.5 0.5 0.5 0.5 0 
0.331 0.31 -0.57 0.5 0.5 0.5 0.5 0 0.331 0.012 1.05 0.5 0.5 0.5 0.5 0 
0.331 0.31 -0.57 0.5 0.5 0.5 0.5 0 0.331 0.012 1.05 0.5 0.5 0.5 0.5 0 
0.331 0.31 -0.57 0.5 0.5 0.5 0.5 0 0.331 0.012 1.05 0.5 0.5 0.5 0.5 0 
0.331 0.31 -0.57 0.5 0.5 0.5 0.5 0 0.331 0.012 1.05 0.5 0.5 0.5 0.5 0 
0.331 0.31 -0.57 0.5 0.5 0.5 0.5 0 0.331 0.012 1.05 0.5 0.5 0.5 0.5 0 
0.331 0.31 -0.57 0.5 0.5 0.5 0.5 0 0.331 0.012 1.05 0.5 0.5 0.5 0.5 0 
0.331 0.31 -0.57 0.5 0.5 0.5 0.5 0 0.331 0.012 1.05 0.5 0.5 0.5 0.5 0 
0.331 0.31 -0.57 0.5 0.5 0.5 0.5 0 0.331 0.012 1.05 0.5 0.5 0.5 0.5 0 
0.331 0.31 -0.57 0.5 0.5 0.5 0.5 0 0.331 0.012 1.05 0.5 0.5 0.5 0.5 0 
0.331 0.31 -0.57 0.5 0.5 0.5 0.5 0 0.331 0.012 1.05 0.5 0.5 0.5 0.5 0 
0.331 0.31 -0.57 0.5 0.5 0.5 0.5 0 0.331 0.012 1.05 0.5 0.5 0.5 0.5 0 
0.331 0.31 -0.57 0.5 0.5 0.5 0.5 0 0.331 0.012 1.05 0.5 0.5 0.5 0.5 0 
0.331 0.31 -0.57 0.5 0.5 0.5 0.5 0 0.331 0.012 1.05 0.5 0.5 0.5 0.5 0 
0.331 0.31 -0.57 0.5 0.5 0.5 0.5 0 0.331 0.012 1.05 0.5 0.5 0.5 0.5 0 
0.331 0.31 -0.57 0.5 0.5 0.5 0.5 0 0.331 0.012 1.05 0.5 0.5 0.5 0.5 0 
0.331 0.31 -0.57 0.5 0.5 0.5 0.5 0 0.331 0.012 1.05 0.5 0.5 0.5 0.5 0 
0.331 0.31 -0.57 0.5 0.5 0.5 0.5 0 0.331 0.012 1.05 0.5 0.5 0.5 0.5 0 
0.331 0.31 -0.57 0.5 0.5 0.5 0.5 0 0.331 0.012 1.05 0.5 0.5 0.5 0.5 0 
0.331 0.31 -0.57 0.5 0.5 0.5 0.5 0 0.331 0.012 1.05 0.5 0.5 0.5 0.5 0 
0.331 0.31 -0.57 0.5 0.5 0.5 0.5 0 0.331 0.012 1.05 0.5 0.5 0.5 0.5 0 
0.331 0.31 -0.57 0.5 0.5 0.5 0.5 0 0.331 0.012 1.05 0.5 0.5 0.5 0.5 0 
0.331 0.31 -0.57 0.5 0.5 0.5 0.5 0 0.331 0.012 1.05 0.5 0.5 0.5 0.5 0 
0.331 0.31 -0.57 0.5 0.5 0.5 0.5 0 0.331 0.012 1.05 0.5 0.5 0.5 0.5 0 
0.331 0.31 -0.57 0.5 0.5 0.5 0.5 0 0.331 0.012 1.05 0.5 0.5 0.5 0.5 0 
0.331 0.31 -0.57 0.5 0.5 0.5 0.5 0 0.331 0.012 1.05 0.5 0.5 0.5 0.5 0 
0.331 0.31 -0.57 0.5 0.5 0.5 0.5 0 0.331 0.012 1.05 0.5 0.5 0.5 0.5 0 
0.331 0.31 -0.57 0.5 0.5 0.5 0.5 0 0.331 0.012 1.05 0.5 0.5 0.5 0.5 0 
0.331 0.31 -0.57 0.5 0.5 0.5 0.5 0 0.331 0.012 1.05 0.5 0.5 0.5 0.5 0 
0.331 0.31 -0.57 0.5 0.5 0.5 0.5 0 0.331 0.012 1.05 0.5 0.5 0.5 0.5 0 
0.331 0.31 -0.57 0.5 0.5 0.5 0.5 0 0.331 0.012 1.05 0.5 0.5 0.5 0.5 0 
0.331 0.31 -0.57 0.5 0.5 0.5 0.5 0 0.331 0.012 1.05 0.5 0.5 0.5 0.5 0 
0.331 0.31 -0.57 0.5 0.5 0.5 0.5 0 0.331 0.012 1.05 0.5 0.5 0.5 0.5 0 
0.331 0.31 -0.57 0.5 0.5 0.5 0.5 0 0.331 0.012 1.05 0.5 0.5 0.5 0.5 0 
0.331 0.31 -0.57 0.5 0.5 0.5 0.5 0 0.331 0.012 1.05 0.5 0.5 0.5 0.5 0 
0.331 0.31 -0.57 0.5 0.5 0.5 0.5 0 0.331 0.012 1.05 0.5 0.5 0.5 0.5 0 
0.331 0.31 -0.57 0.5 0.5 0.5 0.5 0 0.331 0.012 1.05 0.5 0.5 0.5 0.5 0 
0.331 0.31 -0.57 0.5 0.5 0.5 0.5 0 0.331 0.012 1.05 0.5 0.5 0.5 0.5 0 
0.331 0.31 -0.57 0.5 0.5 0.5 0.5 0 0.331 0.012 1.05 0.5 0.5 0.5 0.5 0 
0.331 0.31 -0.57 0.5 0.5 0.5 0.5 0 0.331 0.012 1.05 0.5 0.5 0.5 0.5 0 
0.331 0.31 -0.57 0.5 0.5 0.5 0.5 0 0.331 0.012 1.05 0.5 0.5 0.5 0.5 0 
0.331 0.31 -0.57 0.5 0.5 0.5 0.5 0 0.331 0.012 1.05 0.5 0.5 0.5 0.5 0 
0.331 0.31 -0.57 0.5 0.5 0.5 0.5 0 0.331 0.012 1.05 0.5 0.5 0.5 0.5 0 
0.331 0.31 -0.57 0.5 0.5 0.5 0.5 0 0.331 0.012 1.05 0.5 0.5 0.5 0.5 0 
0.331 0.31 -0.57 0.5 0.5 0.5 0.5 0 0.331 0.012 1.05 0.5 0.5 0.5 0.5 0 
0.331 0.31 -0.57 0.5 0.5 0.5 0.5 0 0.331 0.012 1.05 0.5 0.5 0.5 0.5 0 
0.331 0.31 -0.57 0.5 0.5 0.5 0.5 0 0.331 0.012 1.05 0.5 0.5 0.5 0.5 0 
0.331 0.31 -0.57 0.5 0.5 0.5 0.5 0 0.331 0.012 1.05 0.5 0.5 0.5 0.5 0 
0.331 0.31 -0.57 0.5 0.5 0.5 0.5 0 0.331 0.012 1.05 0.5 0.5 0.5 0.5 0 
0.331 0.31 -0.57 0.5 0.5 0.5 0.5 0 0.331 0.012 1.05 0.5 0.5 0.5 0.5 0 
0.331 0.31 -0.57 0.5 0.5 0.5 0.5 0 0.331 0.012 1.05 0.5 0.5 0.5 0.5 0 
0.331 0.31 -0.57 0.5 0.5 0.5 0.5 0 0.331 0.012 1.05 0.5 0.5 0.5 0.5 0 
0.331 0.31 -0.57 0.5 0.5 0.5 0.5 0 0.331 0.012 1.05 0.5 0.5 0.5 0.5 0 
0.331 0.31 -0.57 0.5 0.5 0.5 0.5 0 0.331 0.012 1.05 0.5 0.5 0.5 0.5 0 
0.331 0.31 -0.57 0.5 0.5 0.5 0.5 0 0.331 0.012 1.05 0.5 0.5 0.5 0.5 0 
0.331 0.31 -0.57 0.5 0.5 0.5 0.5 0 0.331 0.012 1.05 0.5 0.5 0.5 0.5 0 
0.331 0.31 -0.57 0.5 0.5 0.5 0.5 0 0.331 0.012 1.05 0.5 0.5 0.5 0.5 0 
0.331 0.31 -0.57 0.5 0.5 0.5 0.5 0 0.331 0.012 1.05 0.5 0.5 0.5 0.5 0 
0.331 0.31 -0.57 0.5 0.5 0.5 0.5 0 0.331 0.012 1.05 0.5 0.5 0.5 0.5 0 
0.331 0.31 -0.57 0.5 0.5 0.5 0.5 0 0.331 0.012 1.05 0.5 0.5 0.5 0.5 0 
0.331 0.31 -0.57 0.5 0.5 0.5 0.5 0 0.331 0.012 1.05 0.5 0.5 0.5 0.5 0 
0.331 0.31 -0.57 0.5 0.5 0.5 0.5 0 0.331 0.012 1.05 0.5 0.5 0.5 0.5 0 
0.331 0.31 -0.57 0.5 0.5 0.5 0.5 0 0.331 0.012 1.05 0.5 0.5 0.5 0.5 0 
0.331 0.31 -0.57 0.5 0.5 0.5 0.5 0 0.331 0.012 1.05 0.5 0.5 0.5 0.5 0 
0.331 0.31 -0.57 0.5 0.5 0.5 0.5 0 0.331 0.012 1.05 0.5 0.5 0.5 0.5 0 
0.331 0.31 -0.57 0.5 0.5 0.5 0.5 0 0.331 0.012 1.05 0.5 0.5 0.5 0.5 0 
0.331 0.31 -0.57 0.5 0.5 0.5 0.5 0 0.331 0.012 1.05 0.5 0.5 0.5 0.5 0 
0.331 0.31 -0.57 0.5 0.5 0.5 0.5 0 0.331 0.012 1.05 0.5 0.5 0.5 0.5 0 
0.331 0.31 -0.57 0.5 0.5 0.5 0.5 0 0.331 0.012 1.05 0.5 0.5 0.5 0.5 0 
0.331 0.31 -0.57 0.5 0.5 0.5 0.5 0 0.331 0.012 1.05 0.5 0.5 0.5 0.5 0 
0.331 0.31 -0.57 0.5 0.5 0.5 0.5 0 0.331 0.012 1.05 0.5 0.5 0.5 0.5 0 
0.331 0.31 -0.57 0.5 0.5 0.5 0.5 0 0.331 0.012 1.05 0.5 0.5 0.5 0.5 0 
0.331 0.31 -0.57 0.5 0.5 0.5 0.5 0 0.331 0.012 1.05 0.5 0.5 0.5 0.5 0 
0.331 0.31 -0.57 0.5 0.5 0.5 0.5 0 0.331 0.012 1.05 0.5 0.5 0.5 0.5 0 
0.331 0.31 -0.57 0.5 0.5 0.5 0.5 0 0.331 0.012 1.05 0.5 0.5 0.5 0.5 0 
0.331 0.31 -0.57 0.5 0.5 0.5 0.5 0 0.331 0.012 1.05 0.5 0.5 0.5 0.5 0 
0.331 0.31 -0.57 0.5 0.5 0.5 0.5 0 0.331 0.012 1.05 0.5 0.5 0.5 0.5 0 
0.331 0.31 -0.57 0.5 0.5 0.5 0.5 0 0.331 0.012 1.05 0.5 0.5 0.5 0.5 0 
0.331 0.31 -0.57 0.5 0.5 0.5 0.5 0 0.331 0.012 1.05 0.5 0.5 0.5 0.5 0 
0.331 0.31 -0.57 0.5 0.5 0.5 0.5 0 0.331 0.012 1.05 0.5 0.5 0.5 0.5 0 
0.331 0.31 -0.57 0.5 0.5 0.5 0.5 0 0.331 0.012 1.05 0.5 0.5 0.5 0.5 0 
0.331 0.31 -0.57 0.5 0.5 0.5 0.5 0 0.331 0.012 1.05 0.5 0.5 0.5 0.5 0 
0.331 0.31 -0.57 0.5 0.5 0.5 0.5 0 0.331 0.012 1.05 0.5 0.5 0.5 0.5 0 
0.331 0.31 -0.57 0.5 0.5 0.5 0.5 0 0.331 0.012 1.05 0.5 0.5 0.5 0.5 0 
0.331 0.31 -0.57 0.5 0.5 0.5 0.5 0 0.331 0.012 1.05 0.5 0.5 0.5 0.5 0 
0.331 0.31 -0.57 0.5 0.5 0.5 0.5 0 0.331 0.012 1.05 0.5 0.5 0.5 0.5 0 
0.331 0.31 -0.57 0.5 0.5 0.5 0.5 0 0.331 0.012 1.05 0.5 0.5 0.5 0.5 0 
0.331 0.31 -0.57 0.5 0.5 0.5 0.5 0 0.331 0.012 1.05 0.5 0.5 0.5 0.5 0 
0.331 0.31 -0.57 0.5 0.5 0.5 0.5 0 0.331 0.012 1.05 0.5 0.5 0.5 0.5 0 
0.331 0.31 -0.57 0.5 0.5 0.5 0.5 0 0.331 0.012 1.05 0.5 0.5 0.5 0.5 0 
0.331 0.31 -0.57 0.5 0.5 0.5 0.5 0 0.331 0.012 1.05 0.5 0.5 0.5 0.5 0 
0.331 0.31 -0.57 0.5 0.5 0.5 0.5 0 0.331 0.012 1.05 0.5 0.5 0.5 0.5 0 
0.331 0.31 -0.57 0.5 0.5 0.5 0.5 0 0.331 0.012 1.05 0.5 0.5 0.5 0.5 0 
0.331 0.31 -0.57 0.5 0.5 0.5 0.5 0 0.331 0.012 1.05 0.5 0.5 0.5 0.5 0 
0.331 0.31 -0.57 0.5 0.5 0.5 0.5 0 0.331 0.012 1.05 0.5 0.5 0.5 0.5 0 
0.331 0.31 -0.57 0.5 0.5 0.5 0.5 0 0.331 0.012 1.05 0.5 0.5 0.5 0.5 0 
0.331 0.31 -0.57 0.5 0.5 0.5 0.5 0 0.331 0.012 1.05 0.5 0.5 0.5 0.5 0 
0.331 0.31 -0.57 0.5 0.5 0.5 0.5 0 0.331 0.012 1.05 0.5 0.5 0.5 0.5 0 
0.331 0.31 -0.57 0.5 0.5 0.5 0.5 0 0.331 0.012 1.05 0.5 0.5 0.5 0.5 0 
0.331 0.31 -0.57 0.5 0.5 0.5 0.5 0 0.331 0.012 1.05 0.5 0.5 0.5 0.5 0 
0.331 0.31 -0.57 0.5 0.5 0.5 0.5 0 0.331 0.012 1.05 0.5 0.5 0.5 0.5 0 
0.331 0.31 -0.57 0.5 0.5 0.5 0.5 0 0.331 0.012 1.05 0.5 0.5 0.5 0.5 0 
0.331 0.31 -0.57 0.5 0.5 0.5 0.5 0 0.331 0.012 1.05 0.5 0.5 0.5 0.5 0 
0.331 0.31 -0.57 0.5 0.5 0.5 0.5 0 0.331 0.012 1.05 0.5 0.5 0.5 0.5 0 
0.331 0.31 -0.57 0.5 0.5 0.5 0.5 0 0.331 0.012 1.05 0.5 0.5 0.5 0.5 0 
0.331 0.31 -0.57 0.5 0.5 0.5 0.5 0 0.331 0.012 1.05 0.5 0.5 0.5 0.5 0 
0.331 0.31 -0.57 0.5 0.5 0.5 0.5 0 0.331 0.012 1.05 0.5 0.5 0.5 0.5 0 
0.331 0.31 -0.57 0.5 0.5 0.5 0.5 0 0.331 0.012 1.05 0.5 0.5 0.5 0.5 0 
0.331 0.31 -0.57 0.5 0.5 0.5 0.5 0 0.331 0.012 1.05 0.5 0.5 0.5 0.5 0 
0.331 0.31 -0.57 0.5 0.5 0.5 0.5 0 0.331 0.012 1.05 0.5 0.5 0.5 0.5 0 
0.331 0.31 -0.57 0.5 0.5 0.5 0.5 0 0.331 0.012 1.05 0.5 0.5 0.5 0.5 0 
0.331 0.31 -0.57 0.5 0.5 0.5 0.5 0 0.331 0.012 1.05 0.5 0.5 0.5 0.5 0 
0.331 0.31 -0.57 0.5 0.5 0.5 0.5 0 0.331 0.012 1.05 0.5 0.5 0.5 0.5 0 
0.331 0.31 -0.57 0.5 0.5 0.5 0.5 0 0.331 0.012 1.05 0.5 0.5 0.5 0.5 0 
0.331 0.31 -0.57 0.5 0.5 0.5 0.5 0 0.331 0.012 1.05 0.5 0.5 0.5 0.5 0 
0.331 0.31 -0.57 0.5 0.5 0.5 0.5 0 0.331 0.012 1.05 0.5 0.5 0.5 0.5 0 
0.331 0.31 -0.57 0.5 0.5 0.5 0.5 0 0.331 0.012 1.05 0.5 0.5 0.5 0.5 0 
0.331 0.31 -0.57 0.5 0.5 0.5 0.5 0 0.331 0.012 1.05 0.5 0.5 0.5 0.5 0 
0.331 0.31 -0.57 0.5 0.5 0.5 0.5 0 0.331 0.012 1.05 0.5 0.5 0.5 0.5 0 
0.331 0.31 -0.57 0.5 0.5 0.5 0.5 0 0.331 0.012 1.05 0.5 0.5 0.5 0.5 0 
0.331 0.31 -0.57 0.5 0.5 0.5 0.5 0 0.331 0.012 1.05 0.5 0.5 0.5 0.5 0 
0.331 0.31 -0.57 0.5 0.5 0.5 0.5 0 0.331 0.012 1.05 0.5 0.5 0.5 0.5 0 
0.331 0.31 -0.57 0.5 0.5 0.5 0.5 0 0.331 0.012 1.05 0.5 0.5 0.5 0.5 0 
0.331 0.31 -0.57 0.5 0.5 0.5 0.5 0 0.331 0.012 1.05 0.5 0.5 0.5 0.5 0 
0.331 0.31 -0.57 0.5 0.5 0.5 0.5 0 0.331 0.012 1.05 0.5 0.5 0.5 0.5 0 
0.331 0.31 -0.57 0.5 0.5 0.5 0.5 0 0.331 0.012 1.05 0.5 0.5 0.5 0.5 0 
0.331 0.31 -0.57 0.5 0.5 0.5 0.5 0 0.331 0.012 1.05 0.5 0.5 0.5 0.5 0 
0.331 0.31 -0.57 0.5 0.5 0.5 0.5 0 0.331 0.012 1.05 0.5 0.5 0.5 0.5 0 
0.331 0.31 -0.57 0.5 0.5 0.5 0.5 0 0.331 0.012 1.05 0.5 0.5 0.5 0.5 0 
0.331 0.31 -0.57 0.5 0.5 0.5 0.5 0 0.331 0.012 1.05 0.5 0.5 0.5 0.5 0 
0.331 0.31 -0.57 0.5 0.5 0.5 0.5 0 0.331 0.012 1.05 0.5 0.5 0.5 0.5 0 
0.331 0.31 -0.57 0.5 0.5 0.5 0.5 0 0.331 0.012 1.05 0.5 0.5 0.5 0.5 0 
0.331 0.31 -0.57 0.5 0.5 0.5 0.5 0 0.331 0.012 1.05 0.5 0.5 0.5 0.5 0 
0.331 0.31 -0.57 0.5 0.5 0.5 0.5 0 0.331 0.012 1.05 0.5 0.5 0.5 0.5 0 
0.331 0.31 -0.57 0.5 0.5 0.5 0.5 0 0.331 0.012 1.05 0.5 0.5 0.5 0.5 0 
0.331 0.31 -0.57 0.5 0.5 0.5 0.5 0 0.331 0.012 1.05 0.5 0.5 0.5 0.5 0 
0.331 0.31 -0.57 0.5 0.5 0.5 0.5 0 0.331 0.012 1.05 0.5 0.5 0.5 0.5 0 
0.331 0.31 -0.57 0.5 0.5 0.5 0.5 0 0.331 0.012 1.05 0.5 0.5 0.5 0.5 0 
0.331 0.31 -0.57 0.5 0.5 0.5 0.5 0 0.331 0.012 1.05 0.5 0.5 0.5 0.5 0 
0.331 0.31 -0.57 0.5 0.5 0.5 0.5 0 0.331 0.012 1.05 0.5 0.5 0.5 0.5 0 
0.331 0.31 -0.57 0.5 0.5 0.5 0.5 0 0.331 0.012 1.05 0.5 0.5 0.5 0.5 0 
0.331 0.31 -0.57 0.5 0.5 0.5 0.5 0 0.331 0.012 1.05 0.5 0.5 0.5 0.5 0 
0.331 0.31 -0.57 0.5 0.5 0.5 0.5 0 0.331 0.012 1.05 0.5 0.5 0.5 0.5 0 
0.331 0.31 -0.57 0.5 0.5 0.5 0.5 0 0.331 0.012 1.05 0.5 0.5 0.5 0.5 0 
0.331 0.31 -0.57 0.5 0.5 0.5 0.5 0 0.331 0.012 1.05 0.5 0.5 0.5 0.5 0 
0.331 0.31 -0.57 0.5 0.5 0.5 0.5 0 0.331 0.012 1.05 0.5 0.5 0.5 0.5 0 
0.331 0.31 -0.57 0.5 0.5 0.5 0.5 0 0.331 0.012 1.05 0.5 0.5 0.5 0.5 0 
0.331 0.31 -0.57 0.5 0.5 0.5 0.5 0 0.331 0.012 1.05 0.5 0.5 0.5 0.5 0 
0.331 0.31 -0.57 0.5 0.5 0.5 0.5 0 0.331 0.012 1.05 0.5 0.5 0.5 0.5 0 
0.331 0.31 -0.57 0.5 0.5 0.5 0.5 0 0.331 0.012 1.05 0.5 0.5 0.5 0.5 0 
0.331 0.31 -0.57 0.5 0.5 0.5 0.5 0 0.331 0.012 1.05 0.5 0.5 0.5 0.5 0 
0.331 0.31 -0.57 0.5 0.5 0.5 0.5 0 0.331 0.012 1.05 0.5 0.5 0.5 0.5 0 
0.331 0.31 -0.57 0.5 0.5 0.5 0.5 0 0.331 0.012 1.05 0.5 0.5 0.5 0.5 0 
0.331 0.31 -0.57 0.5 0.5 0.5 0.5 0 0.331 0.012 1.05 0.5 0.5 0.5 0.5 0 
0.331 0.31 -0.57 0.5 0.5 0.5 0.5 0 0.331 0.012 1.05 0.5 0.5 0.5 0.5 0 
0.331 0.31 -0.57 0.5 0.5 0.5 0.5 0 0.331 0.012 1.05 0.5 0.5 0.5 0.5 0 
0.331 0.31 -0.57 0.5 0.5 0.5 0.5 0 0.331 0.012 1.05 0.5 0.5 0.5 0.5 0 
0.331 0.31 -0.57 0.5 0.5 0.5 0.5 0 0.331 0.012 1.05 0.5 0.5 0.5 0.5 0 
0.331 0.31 -0.57 0.5 0.5 0.5 0.5 0 0.331 0.012 1.05 0.5 0.5 0.5 0.5 0 
0.331 0.31 -0.57 0.5 0.5 0.5 0.5 0 0.331 0.012 1.05 0.5 0.5 0.5 0.5 0 
0.331 0.31 -0.57 0.5 0.5 0.5 0.5 0 0.331 0.012 1.05 0.5 0.5 0.5 0.5 0 
0.331 0.31 -0.57 0.5 0.5 0.5 0.5 0 0.331 0.012 1.05 0.5 0.5 0.5 0.5 0 
0.331 0.31 -0.57 0.5 0.5 0.5 0.5 0 0.331 0.012 1.05 0.5 0.5 0.5 0.5 0 
0.331 0.31 -0.57 0.5 0.5 0.5 0.5 0 0.331 0.012 1.05 0.5 0.5 0.5 0.5 0 
0.331 0.31 -0.57 0.5 0.5 0.5 0.5 0 0.331 0.012 1.05 0.5 0.5 0.5 0.5 0 
0.331 0.31 -0.57 0.5 0.5 0.5 0.5 0 0.331 0.012 1.05 0.5 0.5 0.5 0.5 0 
0.331 0.31 -0.57 0.5 0.5 0.5 0.5 0 0.331 0.012 1.05 0.5 0.5 0.5 0.5 0 
0.331 0.31 -0.57 0.5 0.5 0.5 0.5 0 0.331 0.012 1.05 0.5 0.5 0.5 0.5 0 
0.331 0.31 -0.57 0.5 0.5 0.5 0.5 0 0.331 0.012 1.05 0.5 0.5 0.5 0.5 0 
0.331 0.31 -0.57 0.5 0.5 0.5 0.5 0 0.331 0.012 1.05 0.5 0.5 0.5 0.5 0 
0.331 0.31 -0.57 0.5 0.5 0.5 0.5 0 0.331 0.012 1.05 0.5 0.5 0.5 0.5 0 
0.331 0.31 -0.57 0.5 0.5 0.5 0.5 0 0.331 0.012 1.05 0.5 0.5 0.5 0.5 0 
0.331 0.31 -0.57 0.5 0.5 0.5 0.5 0 0.331 0.012 1.05 0.5 0.5 0.5 0.5 0 
0.331 0.31 -0.57 0.5 0.5 0.5 0.5 0 0.331 0.012 1.05 0.5 0.5 0.5 0.5 0 
0.331 0.31 -0.57 0.5 0.5 0.5 0.5 0 0.331 0.012 1.05 0.5 0.5 0.5 0.5 0 
0.331 0.31 -0.57 0.5 0.5 0.5 0.5 0 0.331 0.012 1.05 0.5 0.5 0.5 0.5 0 
0.331 0.31 -0.57 0.5 0.5 0.5 0.5 0 0.331 0.012 1.05 0.5 0.5 0.5 0.5 0 
0.331 0.31 -0.57 0.5 0.5 0.5 0.5 0 0.331 0.012 1.05 0.5 0.5 0.5 0.5 0 
0.331 0.31 -0.57 0.5 0.5 0.5 0.5 0 0.331 0.012 1.05 0.5 0.5 0.5 0.5 0 
0.331 0.31 -0.57 0.5 0.5 0.5 0.5 0 0.331 0.012 1.05 0.5 0.5 0.5 0.5 0 
0.331 0.31 -0.57 0.5 0.5 0.5 0.5 0 0.331 0.012 1.05 0.5 0.5 0.5 0.5 0 
0.331 0.31 -0.57 0.5 0.5 0.5 0.5 0 0.331 0.012 1.05 0.5 0.5 0.5 0.5 0 
0.331 0.31 -0.57 0.5 0.5 0.5 0.5 0 0.331 0.012 1.05 0.5 0.5 0.5 0.5 0 
0.331 0.31 -0.57 0.5 0.5 0.5 0.5 0 0.331 0.012 1.05 0.5 0.5 0.5 0.5 0 
0.331 0.31 -0.57 0.5 0.5 0.5 0.5 0 0.331 0.012 1.05 0.5 0.5 0.5 0.5 0 
0.331 0.31 -0.57 0.5 0.5 0.5 0.5 0 0.331 0.012 1.05 0.5 0.5 0.5 0.5 0 
0.331 0.31 -0.57 0.5 0.5 0.5 0.5 0 0.331 0.012 1.05 0.5 0.5 0.5 0.5 0 
0.331 0.31 -0.57 0.5 0.5 0.5 0.5 0 0.331 0.012 1.05 0.5 0.5 0.5 0.5 0 
0.331 0.31 -0.57 0.5 0.5 0.5 0.5 0 0.331 0.012 1.05 0.5 0.5 0.5 0.5 0 
0.331 0.31 -0.57 0.5 0.5 0.5 0.5 0 0.331 0.012 1.05 0.5 0.5 0.5 0.5 0 
0.331 0.31 -0.57 0.5 0.5 0.5 0.5 0 0.331 0.012 1.05 0.5 0.5 0.5 0.5 0 
0.331 0.31 -0.57 0.5 0.5 0.5 0.5 0 0.331 0.012 1.05 0.5 0.5 0.5 0.5 0 
0.331 0.31 -0.57 0.5 0.5 0.5 0.5 0 0.331 0.012 1.05 0.5 0.5 0.5 0.5 0 
0.331 0.31 -0.57 0.5 0.5 0.5 0.5 0 0.331 0.012 1.05 0.5 0.5 0.5 0.5 0 
0.331 0.31 -0.57 0.5 0.5 0.5 0.5 0 0.331 0.012 1.05 0.5 0.5 0.5 0.5 0 
0.331 0.31 -0.57 0.5 0.5 0.5 0.5 0 0.331 0.012 1.05 0.5 0.5 0.5 0.5 0 
0.331 0.31 -0.57 0.5 0.5 0.5 0.5 0 0.331 0.012 1.05 0.5 0.5 0.5 0.5 0 
0.331 0.31 -0.57 0.5 0.5 0.5 0.5 0 0.331 0.012 1.05 0.5 0.5 0.5 0.5 0 
0.331 0.31 -0.57 0.5 0.5 0.5 0.5 0 0.331 0.012 1.05 0.5 0.5 0.5 0.5 0 
0.331 0.31 -0.57 0.5 0.5 0.5 0.5 0 0.331 0.012 1.05 0.5 0.5 0.5 0.5 0 
0.331 0.31 -0.57 0.5 0.5 0.5 0.5 0 0.331 0.012 1.05 0.5 0.5 0.5 0.5 0 
0.331 0.31 -0.57 0.5 0.5 0.5 0.5 0 0.331 0.012 1.05 0.5 0.5 0.5 0.5 0 
0.331 0.31 -0.57 0.5 0.5 0.5 0.5 0 0.331 0.012 1.05 0.5 0.5 0.5 0.5 0 
0.331 0.31 -0.57 0.5 0.5 0.5 0.5 0 0.331 0.012 1.05 0.5 0.5 0.5 0.5 0 
